"Species","coef","significant","ci.lower","ci.upper","variable","month"
"CACO",-0.0238342555226035,FALSE,-0.218892683857917,0.144641510043166,"PCP","prev.apr"
"CACO",-0.0765194738590874,FALSE,-0.2617556185388,0.111673542956328,"PCP","prev.may"
"CACO",-0.0647911218901967,FALSE,-0.278516191411798,0.135144294057869,"PCP","prev.jun"
"CACO",0.0408056096365278,FALSE,-0.172821145898516,0.229619089841279,"PCP","prev.jul"
"CACO",0.267520851047795,TRUE,0.0566481328851541,0.467528191974984,"PCP","prev.aug"
"CACO",0.222532791493159,TRUE,0.0461337480432093,0.380996323116677,"PCP","prev.sep"
"CACO",0.027291279669188,FALSE,-0.157573106015775,0.206409078367926,"PCP","prev.oct"
"CACO",0.034022603447653,FALSE,-0.177947627629122,0.218930936935773,"PCP","prev.nov"
"CACO",0.0649618899458324,FALSE,-0.150219059069695,0.264286687436424,"PCP","prev.dec"
"CACO",-0.114900832361335,FALSE,-0.290982202436396,0.0693076088025696,"PCP","curr.jan"
"CACO",0.0976071723383546,FALSE,-0.101468034836923,0.291442333715469,"PCP","curr.feb"
"CACO",0.15609401337222,FALSE,-0.0832272432741591,0.367093171679936,"PCP","curr.mar"
"CACO",-0.0674865839202058,FALSE,-0.271119503984705,0.113882653486825,"PCP","curr.apr"
"CACO",0.188689025770533,FALSE,-0.0209905177892974,0.4059531684798,"PCP","curr.may"
"CACO",0.107919016041783,FALSE,-0.0900859129902122,0.29009399252703,"PCP","curr.jun"
"CACO",0.137120837546651,FALSE,-0.0623318484391161,0.329720743919549,"PCP","curr.jul"
"CACO",0.114081004928594,FALSE,-0.107232433476849,0.323032776566242,"PCP","curr.aug"
"CACO",0.0515783377845883,FALSE,-0.140293301978211,0.253536894981763,"TAVG","prev.apr"
"CACO",-0.0730584852940232,FALSE,-0.273508366859381,0.135460335464588,"TAVG","prev.may"
"CACO",-0.0245514551019017,FALSE,-0.240661647871108,0.205276986642868,"TAVG","prev.jun"
"CACO",0.0227204872832819,FALSE,-0.139758822816973,0.200750459801001,"TAVG","prev.jul"
"CACO",-0.0530449598268125,FALSE,-0.238681076954414,0.121098815838487,"TAVG","prev.aug"
"CACO",-0.0131445479074676,FALSE,-0.208890565923775,0.153420289744394,"TAVG","prev.sep"
"CACO",-0.0980883254191879,FALSE,-0.274704281594813,0.114775867273174,"TAVG","prev.oct"
"CACO",-0.019047091498921,FALSE,-0.214223714255887,0.157384400602212,"TAVG","prev.nov"
"CACO",0.0750581564850471,FALSE,-0.118476242998702,0.266787973335105,"TAVG","prev.dec"
"CACO",0.0761946663114504,FALSE,-0.0986534907234848,0.25416628206105,"TAVG","curr.jan"
"CACO",-0.0029584560793813,FALSE,-0.173581347915315,0.180924879998578,"TAVG","curr.feb"
"CACO",-0.107547623067386,FALSE,-0.30241321544945,0.0596477396758424,"TAVG","curr.mar"
"CACO",0.0489837815364768,FALSE,-0.15776490198648,0.251608002307287,"TAVG","curr.apr"
"CACO",-0.0967971260618348,FALSE,-0.289533074437476,0.0899619644761976,"TAVG","curr.may"
"CACO",-0.267924332497859,TRUE,-0.446034430742944,-0.0855338436739099,"TAVG","curr.jun"
"CACO",-0.115153131477615,FALSE,-0.303356190656101,0.0992689103036979,"TAVG","curr.jul"
"CACO",-0.0434461567923385,FALSE,-0.212704820523598,0.114264741896956,"TAVG","curr.aug"
"CACO",-0.107317672706365,FALSE,-0.29270610104445,0.119274193707812,"PDSI","prev.apr"
"CACO",-0.156322759972438,FALSE,-0.340933217724087,-0.0138970934053048,"PDSI","prev.may"
"CACO",-0.146818481099168,FALSE,-0.367459915610831,0.0327607004302437,"PDSI","prev.jun"
"CACO",0.0015477080035479,FALSE,-0.162222933692292,0.117563376120599,"PDSI","prev.jul"
"CACO",0.0971074097140609,FALSE,-0.0800102886629466,0.304859333756979,"PDSI","prev.aug"
"CACO",0.267739292232195,FALSE,0.0353508045728419,0.588588575070272,"PDSI","prev.sep"
"CACO",0.0706343580695895,FALSE,-0.119371124230055,0.25125850690712,"PDSI","prev.oct"
"CACO",-0.0109219744394079,FALSE,-0.185976886544169,0.147107685453556,"PDSI","prev.nov"
"CACO",0.00990268482209905,FALSE,-0.198620792448592,0.142807372751285,"PDSI","prev.dec"
"CACO",-0.0072207774247286,FALSE,-0.203296175180011,0.13378391145997,"PDSI","curr.jan"
"CACO",-0.0289242608956166,FALSE,-0.148380271159941,0.108224525774576,"PDSI","curr.feb"
"CACO",-0.00231369636752044,FALSE,-0.162173236040543,0.266310533555493,"PDSI","curr.mar"
"CACO",-0.0193169622663727,FALSE,-0.196830582362884,0.220435147900502,"PDSI","curr.apr"
"CACO",0.0337209648122218,FALSE,-0.220047811398088,0.243504335619491,"PDSI","curr.may"
"CACO",0.0758592566382529,FALSE,-0.214524875590942,0.264073216045234,"PDSI","curr.jun"
"CACO",0.131347051909483,TRUE,0.00385788799550894,0.245589539830772,"PDSI","curr.jul"
"CACO",0.0846719134950294,FALSE,-0.124274634274612,0.288200911842457,"PDSI","curr.aug"
"CACO",0.0742554334106881,FALSE,-0.20287463569962,0.290107553121279,"PHDI","prev.apr"
"CACO",-0.104764582922733,FALSE,-0.278367173223765,0.028818252061515,"PHDI","prev.may"
"CACO",-0.273844699915025,TRUE,-0.459418315519893,-0.0764390927649041,"PHDI","prev.jun"
"CACO",-0.24143128087506,TRUE,-0.473251477017964,-0.0134346901201317,"PHDI","prev.jul"
"CACO",0.0594800188410753,FALSE,-0.143177010892814,0.268005575152147,"PHDI","prev.aug"
"CACO",0.221541597736666,FALSE,0.0248176254375005,0.510019093366163,"PHDI","prev.sep"
"CACO",0.153655779153523,FALSE,-0.00122501931973544,0.290345696483617,"PHDI","prev.oct"
"CACO",0.0573032235321025,FALSE,-0.137303640152949,0.211935884273823,"PHDI","prev.nov"
"CACO",0.0250636284797749,FALSE,-0.128332032425296,0.183068259623555,"PHDI","prev.dec"
"CACO",0.00913357296257001,FALSE,-0.149161806625935,0.142571394166459,"PHDI","curr.jan"
"CACO",-0.00110251312580519,FALSE,-0.160058457190413,0.156779586024226,"PHDI","curr.feb"
"CACO",-0.0283174088973449,FALSE,-0.208757257739003,0.213468083132585,"PHDI","curr.mar"
"CACO",-0.112373426845759,FALSE,-0.33285508265211,0.101237673427918,"PHDI","curr.apr"
"CACO",-0.0109844739536072,FALSE,-0.223359488091787,0.202057460858704,"PHDI","curr.may"
"CACO",0.0742858625460814,FALSE,-0.206611027168682,0.273360781447589,"PHDI","curr.jun"
"CACO",0.180683083396758,TRUE,0.00411210689793262,0.281509834588305,"PHDI","curr.jul"
"CACO",0.190081811506545,FALSE,-0.0368237552300628,0.458849853250804,"PHDI","curr.aug"
"CACO",-0.030034340397472,FALSE,-0.208742630635676,0.149361643492517,"ZNDX","prev.apr"
"CACO",-0.0869205479741133,FALSE,-0.262678866401391,0.103042906215323,"ZNDX","prev.may"
"CACO",-0.110773505276442,FALSE,-0.311051336616992,0.0965583725329216,"ZNDX","prev.jun"
"CACO",-0.00251677637172611,FALSE,-0.209230422330732,0.187495506394349,"ZNDX","prev.jul"
"CACO",0.235582539565153,TRUE,0.0367354654822443,0.434545116534827,"ZNDX","prev.aug"
"CACO",0.195708663087958,TRUE,0.0279798217823303,0.399742572942339,"ZNDX","prev.sep"
"CACO",0.0471892166307834,FALSE,-0.138785427332424,0.221341548994414,"ZNDX","prev.oct"
"CACO",0.0965214603469382,FALSE,-0.073256765529078,0.264162661293196,"ZNDX","prev.nov"
"CACO",0.0920220301618587,FALSE,-0.121211121749794,0.284492492918284,"ZNDX","prev.dec"
"CACO",-0.113705830823288,FALSE,-0.279099859240304,0.0641812731348333,"ZNDX","curr.jan"
"CACO",0.108325209459762,FALSE,-0.077424222311117,0.289299013133069,"ZNDX","curr.feb"
"CACO",0.18450658642873,FALSE,-0.0377864114814899,0.401251803572145,"ZNDX","curr.mar"
"CACO",-0.0894785177803379,FALSE,-0.267257354754995,0.124887098388175,"ZNDX","curr.apr"
"CACO",0.183707812624378,FALSE,-0.0175228016788103,0.399970211307946,"ZNDX","curr.may"
"CACO",0.0996594529661656,FALSE,-0.0849018028638728,0.290905209249237,"ZNDX","curr.jun"
"CACO",0.16549343853732,FALSE,-0.0630309251222966,0.33755719800979,"ZNDX","curr.jul"
"CACO",0.0756273969936834,FALSE,-0.0950963721136588,0.313476547585332,"ZNDX","curr.aug"
"CACO",-0.00831435928034254,FALSE,-0.210790109762329,0.199864279897828,"PMDI","prev.apr"
"CACO",-0.123522993691566,FALSE,-0.302876799932764,0.082202853621714,"PMDI","prev.may"
"CACO",-0.199532787986585,TRUE,-0.399901720351586,-0.0302663107681758,"PMDI","prev.jun"
"CACO",-0.178644024162383,FALSE,-0.408823182670234,0.00850422627854729,"PMDI","prev.jul"
"CACO",0.0948756923819685,FALSE,-0.0827480000600505,0.260965898524153,"PMDI","prev.aug"
"CACO",0.253408399613901,TRUE,0.0728706123725615,0.487940416003367,"PMDI","prev.sep"
"CACO",0.141592717850983,FALSE,-0.0190137936293812,0.343458165228555,"PMDI","prev.oct"
"CACO",0.0223842021417544,FALSE,-0.117089318329072,0.174229691830308,"PMDI","prev.nov"
"CACO",-0.0125456726633696,FALSE,-0.14003760866346,0.118945677759322,"PMDI","prev.dec"
"CACO",-0.0384931407397692,FALSE,-0.341093689233828,0.11397822756517,"PMDI","curr.jan"
"CACO",0.0121489416729368,FALSE,-0.210639550740642,0.131456902391947,"PMDI","curr.feb"
"CACO",0.0422904928468997,FALSE,-0.145042146724134,0.297817957297049,"PMDI","curr.mar"
"CACO",0.0179875363574344,FALSE,-0.177441932254277,0.215602450462114,"PMDI","curr.apr"
"CACO",-0.00481235093114645,FALSE,-0.251282674251177,0.249786771348284,"PMDI","curr.may"
"CACO",0.0448703440473394,FALSE,-0.213074077102469,0.218181971429671,"PMDI","curr.jun"
"CACO",0.175172150682853,TRUE,0.0235221317904,0.295114099016999,"PMDI","curr.jul"
"CACO",0.144280270173232,FALSE,-0.0896425983697919,0.386920058374646,"PMDI","curr.aug"
"CACO",-0.0461245065848461,FALSE,-0.228508998168086,0.117950216857766,"SP01","prev.apr"
"CACO",-0.09558866936699,FALSE,-0.277086189482037,0.0662292824295232,"SP01","prev.may"
"CACO",-0.0731660464712395,FALSE,-0.27856907653228,0.127200435765358,"SP01","prev.jun"
"CACO",0.0248198452468581,FALSE,-0.161307313749497,0.218572598556377,"SP01","prev.jul"
"CACO",0.237458616118542,TRUE,0.0453542111496885,0.43370342366874,"SP01","prev.aug"
"CACO",0.232906445699713,TRUE,0.0639492453215349,0.40672821970667,"SP01","prev.sep"
"CACO",0.048570742773376,FALSE,-0.129036199424625,0.226563189844517,"SP01","prev.oct"
"CACO",0.0405458397868729,FALSE,-0.149423914781909,0.229754924627595,"SP01","prev.nov"
"CACO",0.0507361391453617,FALSE,-0.149911590925307,0.238321781670253,"SP01","prev.dec"
"CACO",-0.14315093157361,FALSE,-0.323328198142812,0.0439634880888012,"SP01","curr.jan"
"CACO",0.11209776771172,FALSE,-0.067226196722419,0.282863647355098,"SP01","curr.feb"
"CACO",0.155093741707566,FALSE,-0.0718355181406143,0.345758428264743,"SP01","curr.mar"
"CACO",-0.0857816863526331,FALSE,-0.260446838337881,0.102181278251311,"SP01","curr.apr"
"CACO",0.189264908102121,FALSE,-0.00181664897746526,0.37411538079063,"SP01","curr.may"
"CACO",0.105162148108952,FALSE,-0.0595893908087369,0.280049502924985,"SP01","curr.jun"
"CACO",0.137850009085586,FALSE,-0.0627505913621829,0.322845464745651,"SP01","curr.jul"
"CACO",0.0915655444532321,FALSE,-0.107500089757519,0.302023259607037,"SP01","curr.aug"
"CACO",-0.118134760710045,FALSE,-0.298969763588702,0.0741212247405248,"SP02","prev.apr"
"CACO",-0.00666223325039303,FALSE,-0.153222186829955,0.137598042379683,"SP02","prev.may"
"CACO",-0.107096969661739,FALSE,-0.261148747012613,0.026129238024715,"SP02","prev.jun"
"CACO",-0.0851395154684751,FALSE,-0.255677999035876,0.110423457260624,"SP02","prev.jul"
"CACO",0.134573853204324,FALSE,-0.0512188998340116,0.308890052457818,"SP02","prev.aug"
"CACO",0.330792784732564,TRUE,0.175824922839751,0.456634198432696,"SP02","prev.sep"
"CACO",0.0965228934270231,FALSE,-0.0464059324516891,0.27142437159501,"SP02","prev.oct"
"CACO",-0.0487932851619011,FALSE,-0.197160128954254,0.0912476903108128,"SP02","prev.nov"
"CACO",0.121604700198357,FALSE,-0.0905932606294067,0.307202736015403,"SP02","prev.dec"
"CACO",-0.0937457980203302,FALSE,-0.240952615249177,0.0647968258232018,"SP02","curr.jan"
"CACO",-0.0478118462182824,FALSE,-0.218293135046236,0.147779343521548,"SP02","curr.feb"
"CACO",0.238302405295829,TRUE,0.0477690016229654,0.421517334229232,"SP02","curr.mar"
"CACO",-0.0278959858612352,FALSE,-0.22763653257196,0.173280103082764,"SP02","curr.apr"
"CACO",0.0712758509621722,FALSE,-0.10619449838225,0.236147691752415,"SP02","curr.may"
"CACO",0.142094372627719,FALSE,0.00648300878924164,0.299528472058601,"SP02","curr.jun"
"CACO",0.0632148497445433,FALSE,-0.160976268401934,0.253646005051543,"SP02","curr.jul"
"CACO",0.173870638187523,FALSE,-0.0108924249044264,0.372437789598339,"SP02","curr.aug"
"CACO",-0.0412152369602448,FALSE,-0.209406897123615,0.122854597310043,"SP03","prev.apr"
"CACO",-0.0849468767096877,FALSE,-0.296859362516254,0.0852423146519379,"SP03","prev.may"
"CACO",-0.0212628605147368,FALSE,-0.194901880401195,0.237674589423797,"SP03","prev.jun"
"CACO",-0.166665269761855,TRUE,-0.3397055807412,-0.0110010057355072,"SP03","prev.jul"
"CACO",0.0904940077228168,FALSE,-0.104041038552868,0.262454352589541,"SP03","prev.aug"
"CACO",0.204866195472118,TRUE,0.0372545582990167,0.351810860347977,"SP03","prev.sep"
"CACO",0.220280250631703,TRUE,0.0421304254582045,0.404120275978894,"SP03","prev.oct"
"CACO",0.053559408268836,FALSE,-0.0885723526007838,0.201277856949912,"SP03","prev.nov"
"CACO",-0.0428200187479161,FALSE,-0.225820864153209,0.141022831023931,"SP03","prev.dec"
"CACO",-0.0213784825091231,FALSE,-0.205202674913439,0.161922187275905,"SP03","curr.jan"
"CACO",-0.0618991905265287,FALSE,-0.236629787216361,0.141168404652538,"SP03","curr.feb"
"CACO",0.153229214766485,FALSE,-0.00389971423323073,0.324133707819552,"SP03","curr.mar"
"CACO",-0.016409699163504,FALSE,-0.193208348595796,0.156143980702307,"SP03","curr.apr"
"CACO",0.167798946359449,FALSE,-0.0555667866958324,0.403019791657956,"SP03","curr.may"
"CACO",-0.109099594396471,FALSE,-0.279946302562868,0.0912952179626624,"SP03","curr.jun"
"CACO",0.177329763932508,TRUE,0.0241373804860343,0.346043028643574,"SP03","curr.jul"
"CACO",0.194820393529742,FALSE,-0.0408238659517783,0.419205673182082,"SP03","curr.aug"
"CACO",0.00775314636918645,FALSE,-0.213981179154602,0.204228306919553,"SP06","prev.apr"
"CACO",-0.0379891461960058,FALSE,-0.170426638637495,0.132429579082985,"SP06","prev.may"
"CACO",-0.151138343126915,FALSE,-0.333086245809453,0.0227737638249351,"SP06","prev.jun"
"CACO",-0.166245419134016,TRUE,-0.334294689567344,-0.00195198539164411,"SP06","prev.jul"
"CACO",0.0348325525753655,FALSE,-0.173022085703006,0.231308033573508,"SP06","prev.aug"
"CACO",0.109772116290027,FALSE,-0.0384313727590829,0.312850217550399,"SP06","prev.sep"
"CACO",0.063210416427006,FALSE,-0.114870016271641,0.207888185767713,"SP06","prev.oct"
"CACO",0.0783483171779415,FALSE,-0.112644669890902,0.174133633000689,"SP06","prev.nov"
"CACO",0.161104504723539,TRUE,0.0206511286551915,0.308240589173336,"SP06","prev.dec"
"CACO",0.135937734354988,TRUE,0.0108962300954711,0.282468328761505,"SP06","curr.jan"
"CACO",-0.0405222659687265,FALSE,-0.180100962434721,0.118439432908707,"SP06","curr.feb"
"CACO",-0.123187629181716,FALSE,-0.320481060740296,0.073115306065915,"SP06","curr.mar"
"CACO",-0.0945838969329787,FALSE,-0.302668797759606,0.138074241996174,"SP06","curr.apr"
"CACO",0.0331239177769617,FALSE,-0.131812650823499,0.199947001536643,"SP06","curr.may"
"CACO",0.0282503799913192,FALSE,-0.191874666911105,0.205863649582127,"SP06","curr.jun"
"CACO",0.132536593240117,FALSE,-0.00666166677235186,0.234708321303306,"SP06","curr.jul"
"CACO",0.220248496742696,FALSE,-0.0282232191583808,0.467824230280832,"SP06","curr.aug"
"CACO",-0.0539299110889318,FALSE,-0.224723323639815,0.146613148492249,"SP09","prev.apr"
"CACO",-0.0627234442883204,FALSE,-0.195690584835772,0.124855060286931,"SP09","prev.may"
"CACO",-0.183139696988168,FALSE,-0.466277265809968,0.0144029539973772,"SP09","prev.jun"
"CACO",-0.18226067997161,FALSE,-0.438914970072113,0.027375964059281,"SP09","prev.jul"
"CACO",0.0275246609408438,FALSE,-0.150131746438296,0.193944438863548,"SP09","prev.aug"
"CACO",0.169507614182888,FALSE,-0.0444376727479492,0.362454663123828,"SP09","prev.sep"
"CACO",0.0701140257014727,FALSE,-0.0850258488075355,0.279673259880145,"SP09","prev.oct"
"CACO",0.0381018015860864,FALSE,-0.106866038286928,0.215060888296516,"SP09","prev.nov"
"CACO",0.0576963407070611,FALSE,-0.149244128536517,0.288776754661624,"SP09","prev.dec"
"CACO",0.0357696395955488,FALSE,-0.162844853190407,0.213864294986384,"SP09","curr.jan"
"CACO",0.0481834725090433,FALSE,-0.144015584452453,0.198429472141605,"SP09","curr.feb"
"CACO",0.121726243270555,FALSE,-0.0385853153722447,0.277967138710869,"SP09","curr.mar"
"CACO",-0.00430759613853173,FALSE,-0.21370396976014,0.240022428104367,"SP09","curr.apr"
"CACO",-0.0881954163913229,FALSE,-0.325907132121647,0.13742821963542,"SP09","curr.may"
"CACO",-0.193811069156153,FALSE,-0.425117464650299,0.0446340956461859,"SP09","curr.jun"
"CACO",0.118470387869239,FALSE,-0.0461127078763893,0.269474090574078,"SP09","curr.jul"
"CACO",0.273924082607637,TRUE,0.0340971278292721,0.489768776163707,"SP09","curr.aug"
"CACO",-0.166106218699012,FALSE,-0.408096712201806,0.0325172299969021,"SP12","prev.apr"
"CACO",-0.114285194753778,FALSE,-0.22059192958973,0.0338751323262256,"SP12","prev.may"
"CACO",-0.0883568225037546,FALSE,-0.247915184908409,0.115930909718419,"SP12","prev.jun"
"CACO",-0.0688785133955553,FALSE,-0.209965327858071,0.0945649142203486,"SP12","prev.jul"
"CACO",0.0529420626166322,FALSE,-0.11491569228611,0.208800590229476,"SP12","prev.aug"
"CACO",0.121247911062459,FALSE,-0.0475807134864211,0.310228278782728,"SP12","prev.sep"
"CACO",0.0647402243669398,FALSE,-0.0978324951283613,0.240771399898877,"SP12","prev.oct"
"CACO",0.0200881295251724,FALSE,-0.11476009142175,0.18161839825468,"SP12","prev.nov"
"CACO",-0.00291784893752932,FALSE,-0.123602061738563,0.11043552080415,"SP12","prev.dec"
"CACO",-0.0413405778630201,FALSE,-0.144431436326125,0.0582377465631939,"SP12","curr.jan"
"CACO",-0.0457553179832383,FALSE,-0.164265396748397,0.0595220050326821,"SP12","curr.feb"
"CACO",-0.0343344634680214,FALSE,-0.170187542223989,0.128036804900107,"SP12","curr.mar"
"CACO",-0.0303656656606308,FALSE,-0.215461978062366,0.0988150348525224,"SP12","curr.apr"
"CACO",0.0298451057545458,FALSE,-0.143183511833051,0.164058372970058,"SP12","curr.may"
"CACO",0.0966790880224012,FALSE,-0.104381503180047,0.253894880772306,"SP12","curr.jun"
"CACO",0.161081503131546,TRUE,0.0535260716247436,0.274303569683431,"SP12","curr.jul"
"CACO",0.14671350097421,FALSE,-0.0777906285630267,0.428794357173258,"SP12","curr.aug"
"CACO",-0.180319851084731,FALSE,-0.326119560235134,0.0286668780430745,"SP24","prev.apr"
"CACO",-0.115053950588221,TRUE,-0.210167445568112,-0.00100469540064332,"SP24","prev.may"
"CACO",-0.0936979220091249,FALSE,-0.210470471060244,-0.0135420870575256,"SP24","prev.jun"
"CACO",-0.0446722523319775,FALSE,-0.197630437440886,0.0422383397424279,"SP24","prev.jul"
"CACO",0.104554766377383,FALSE,-0.0687057633128269,0.264321311109686,"SP24","prev.aug"
"CACO",0.136411309792331,FALSE,-0.0567853575443804,0.33145388698027,"SP24","prev.sep"
"CACO",0.097753289264277,FALSE,-0.040711660857436,0.248461308462887,"SP24","prev.oct"
"CACO",0.0160474796592607,FALSE,-0.102060895599307,0.164137577330209,"SP24","prev.nov"
"CACO",-0.0149213507138379,FALSE,-0.12631965826502,0.168065350586268,"SP24","prev.dec"
"CACO",-0.0789592157922013,FALSE,-0.188804724969953,0.0465919292766574,"SP24","curr.jan"
"CACO",-0.0897049200287439,FALSE,-0.193418757988274,0.0209542292755199,"SP24","curr.feb"
"CACO",-0.128697372247103,TRUE,-0.242988593774508,-0.00655363381190611,"SP24","curr.mar"
"CACO",-0.165388340039993,FALSE,-0.355762422637064,0.00267990944478379,"SP24","curr.apr"
"CACO",-0.0578137726656055,FALSE,-0.239355376592505,0.0672074332756565,"SP24","curr.may"
"CACO",0.0656310701273045,FALSE,-0.0848412528070154,0.177690909847078,"SP24","curr.jun"
"CACO",0.189186260092301,TRUE,0.0723071224335484,0.301091383467719,"SP24","curr.jul"
"CACO",0.275845587995144,TRUE,0.059633469903798,0.56250798348081,"SP24","curr.aug"
"CACO",0.00441514432980114,FALSE,-0.183242815036674,0.156999096855941,"TMIN","prev.apr"
"CACO",-0.154983678726606,FALSE,-0.353430296276987,0.046103228247508,"TMIN","prev.may"
"CACO",-0.0318715355584214,FALSE,-0.248371116865725,0.17344966037014,"TMIN","prev.jun"
"CACO",-0.0025512913997087,FALSE,-0.184068050110389,0.190112724627736,"TMIN","prev.jul"
"CACO",0.0643042707614896,FALSE,-0.123526811336301,0.253283424026723,"TMIN","prev.aug"
"CACO",0.0752872056068773,FALSE,-0.110076667897937,0.254156557795747,"TMIN","prev.sep"
"CACO",-0.0194713598327927,FALSE,-0.198961651988731,0.172879373827382,"TMIN","prev.oct"
"CACO",0.0277690743112017,FALSE,-0.178510112487154,0.216993914940657,"TMIN","prev.nov"
"CACO",0.138365728266632,FALSE,-0.0655923527567906,0.32864034294387,"TMIN","prev.dec"
"CACO",0.0489709461904066,FALSE,-0.131439566580563,0.213159705080093,"TMIN","curr.jan"
"CACO",0.00121266755538835,FALSE,-0.167310783418945,0.160609984098025,"TMIN","curr.feb"
"CACO",-0.0417161452852666,FALSE,-0.21924638900633,0.126290332295554,"TMIN","curr.mar"
"CACO",-0.0332715592860622,FALSE,-0.203951003756797,0.132182505171292,"TMIN","curr.apr"
"CACO",-0.050708380352859,FALSE,-0.241396860364881,0.133038167895183,"TMIN","curr.may"
"CACO",-0.191929574029409,TRUE,-0.377486138142522,-0.0173900040635353,"TMIN","curr.jun"
"CACO",-0.0341881218653431,FALSE,-0.247756566147425,0.192963179492561,"TMIN","curr.jul"
"CACO",-0.0166853966560244,FALSE,-0.197018128663237,0.14924674882516,"TMIN","curr.aug"
"CACO",0.0661768719626438,FALSE,-0.0954043058712645,0.269007225172303,"TMAX","prev.apr"
"CACO",0.0327381135755161,FALSE,-0.186340417734716,0.237400124233962,"TMAX","prev.may"
"CACO",0.0172828581447034,FALSE,-0.234338250538224,0.24451010369057,"TMAX","prev.jun"
"CACO",0.047246773594139,FALSE,-0.108876585729437,0.26560277396102,"TMAX","prev.jul"
"CACO",-0.190128857672619,FALSE,-0.385916178210432,-0.00471518759134441,"TMAX","prev.aug"
"CACO",-0.0947438137850096,FALSE,-0.295384277135751,0.0748200994041359,"TMAX","prev.sep"
"CACO",-0.113318103158157,FALSE,-0.296712693454468,0.0682062010887832,"TMAX","prev.oct"
"CACO",-0.0749279368999547,FALSE,-0.247623290223778,0.100792921605008,"TMAX","prev.nov"
"CACO",0.00182146465263405,FALSE,-0.186092766150853,0.191666882702309,"TMAX","prev.dec"
"CACO",0.0972988510598878,FALSE,-0.0804189466051935,0.297627952897585,"TMAX","curr.jan"
"CACO",-0.0237845802280156,FALSE,-0.194698871556573,0.167500867780037,"TMAX","curr.feb"
"CACO",-0.148428128100653,FALSE,-0.322725557353551,0.0327875884061506,"TMAX","curr.mar"
"CACO",0.0900229478521155,FALSE,-0.120857941949692,0.285450015165627,"TMAX","curr.apr"
"CACO",-0.110694241695832,FALSE,-0.296688117264295,0.0793968019788368,"TMAX","curr.may"
"CACO",-0.271593628347268,TRUE,-0.443414712674242,-0.0821417390116506,"TMAX","curr.jun"
"CACO",-0.135861416768927,FALSE,-0.313066308465685,0.0893356335969862,"TMAX","curr.jul"
"CACO",-0.0155807545989977,FALSE,-0.196423064989969,0.161881511467213,"TMAX","curr.aug"
"CACO",0.00954678035312546,FALSE,-0.182890699940072,0.181332062261763,"PDSI_prewhiten","prev.apr"
"CACO",-0.0776684404517901,FALSE,-0.274027441605322,0.105365129652031,"PDSI_prewhiten","prev.may"
"CACO",0.0325008166910845,FALSE,-0.219855076626967,0.21222537962995,"PDSI_prewhiten","prev.jun"
"CACO",0.201432772886828,FALSE,-0.0334668872578018,0.381468718403422,"PDSI_prewhiten","prev.jul"
"CACO",0.228863942193507,TRUE,0.0654858860739947,0.413626102326918,"PDSI_prewhiten","prev.aug"
"CACO",0.186514605442939,FALSE,0.00870528749350816,0.384433681718855,"PDSI_prewhiten","prev.sep"
"CACO",0.0835766871286268,FALSE,-0.111362126152619,0.284262849187884,"PDSI_prewhiten","prev.oct"
"CACO",-0.0317172686503215,FALSE,-0.265523101095113,0.205556615836796,"PDSI_prewhiten","prev.nov"
"CACO",-0.0117854874676461,FALSE,-0.217585584374021,0.171784193532594,"PDSI_prewhiten","prev.dec"
"CACO",0.000846908307978685,FALSE,-0.232038733894286,0.244121401928004,"PDSI_prewhiten","curr.jan"
"CACO",0.0902015828505311,FALSE,-0.0964685683590915,0.295731909827469,"PDSI_prewhiten","curr.feb"
"CACO",0.171150997649035,FALSE,-0.0572121604109693,0.408699832816696,"PDSI_prewhiten","curr.mar"
"CACO",-0.0701884141050779,FALSE,-0.249393961369775,0.120579686163791,"PDSI_prewhiten","curr.apr"
"CACO",0.0954286642189995,FALSE,-0.170445383332596,0.361413655070735,"PDSI_prewhiten","curr.may"
"CACO",0.121985036158281,FALSE,-0.107714281110822,0.313894338284127,"PDSI_prewhiten","curr.jun"
"CACO",0.172732292826558,FALSE,-0.021692976193897,0.33603988989139,"PDSI_prewhiten","curr.jul"
"CACO",0.100061261042364,FALSE,-0.105365167614115,0.305513607994854,"PDSI_prewhiten","curr.aug"
"CACO",0.0648760465009,FALSE,-0.142077754256249,0.218502824079605,"PHDI_prewhiten","prev.apr"
"CACO",-0.0629503071945411,FALSE,-0.259294379068792,0.120110765903068,"PHDI_prewhiten","prev.may"
"CACO",-0.110726686063249,FALSE,-0.287890406014215,0.0752498201948746,"PHDI_prewhiten","prev.jun"
"CACO",0.0117161659970573,FALSE,-0.189690972469711,0.196965470551081,"PHDI_prewhiten","prev.jul"
"CACO",0.295235793788618,TRUE,0.0845239509618174,0.501567143608497,"PHDI_prewhiten","prev.aug"
"CACO",0.274839360305948,TRUE,0.0639554663808422,0.462542728475063,"PHDI_prewhiten","prev.sep"
"CACO",0.00802781981849834,FALSE,-0.185450299246354,0.180693477227615,"PHDI_prewhiten","prev.oct"
"CACO",0.0920920318037274,FALSE,-0.0908381331754673,0.26969201461539,"PHDI_prewhiten","prev.nov"
"CACO",0.0451286516797894,FALSE,-0.160784398526138,0.231836017954725,"PHDI_prewhiten","prev.dec"
"CACO",-0.0446210729263489,FALSE,-0.251901784704047,0.144669387504964,"PHDI_prewhiten","curr.jan"
"CACO",0.113582384618502,FALSE,-0.0825918201446549,0.299483913176288,"PHDI_prewhiten","curr.feb"
"CACO",0.0641834857235413,FALSE,-0.148168938776762,0.258108831012037,"PHDI_prewhiten","curr.mar"
"CACO",-0.00857669566689109,FALSE,-0.214111002082557,0.20450103968195,"PHDI_prewhiten","curr.apr"
"CACO",0.132697405672483,FALSE,-0.0869959872345846,0.376124918028003,"PHDI_prewhiten","curr.may"
"CACO",0.114439039112355,FALSE,-0.0747915995220196,0.31150517636643,"PHDI_prewhiten","curr.jun"
"CACO",0.131402399839427,FALSE,-0.0620597301731873,0.320774806376183,"PHDI_prewhiten","curr.jul"
"CACO",0.185760003470317,FALSE,-0.0256170435215463,0.366132822758285,"PHDI_prewhiten","curr.aug"
"CACO",0.0103209693037356,FALSE,-0.184698869555897,0.183835715828228,"PMDI_prewhiten","prev.apr"
"CACO",-0.0419099297181019,FALSE,-0.257966700344418,0.159999679589385,"PMDI_prewhiten","prev.may"
"CACO",-0.0708221750653682,FALSE,-0.288672836649735,0.123366908128909,"PMDI_prewhiten","prev.jun"
"CACO",0.0225298623362855,FALSE,-0.205382667714087,0.227381342004368,"PMDI_prewhiten","prev.jul"
"CACO",0.284713315692134,TRUE,0.0874908732808313,0.478404502341291,"PMDI_prewhiten","prev.aug"
"CACO",0.196931462253028,TRUE,0.0174910795493114,0.366894279142212,"PMDI_prewhiten","prev.sep"
"CACO",-0.0164874074631578,FALSE,-0.192024829923507,0.193555934142267,"PMDI_prewhiten","prev.oct"
"CACO",0.100171467600704,FALSE,-0.101002610229286,0.279900606617443,"PMDI_prewhiten","prev.nov"
"CACO",0.115335735036104,FALSE,-0.11151229103817,0.282911148698408,"PMDI_prewhiten","prev.dec"
"CACO",-0.0865084264533964,FALSE,-0.286685803197229,0.114816324173847,"PMDI_prewhiten","curr.jan"
"CACO",0.137360648617512,FALSE,-0.0512623685633101,0.329273187776021,"PMDI_prewhiten","curr.feb"
"CACO",0.124273330904677,FALSE,-0.0790379773731975,0.345719840312563,"PMDI_prewhiten","curr.mar"
"CACO",-0.0828538727243099,FALSE,-0.26382648169489,0.123764886127657,"PMDI_prewhiten","curr.apr"
"CACO",0.137419590250069,FALSE,-0.0561242083715692,0.348174187144835,"PMDI_prewhiten","curr.may"
"CACO",0.109419575717997,FALSE,-0.100702483538081,0.317298974098031,"PMDI_prewhiten","curr.jun"
"CACO",0.146854514683884,FALSE,-0.0820308791878005,0.336866616901574,"PMDI_prewhiten","curr.jul"
"CACO",0.0778201162534834,FALSE,-0.111994280297162,0.324359217930163,"PMDI_prewhiten","curr.aug"
"CAGL",-0.0221326114633736,FALSE,-0.203640961565857,0.145278408664923,"PCP","prev.apr"
"CAGL",-0.165012694208232,TRUE,-0.329828892484411,-0.00357726353555368,"PCP","prev.may"
"CAGL",-0.0179772662300604,FALSE,-0.215279916096184,0.165787629974245,"PCP","prev.jun"
"CAGL",-0.0558851983261786,FALSE,-0.236251015273025,0.127355252016322,"PCP","prev.jul"
"CAGL",0.0209457812761138,FALSE,-0.151492587668513,0.199501591395874,"PCP","prev.aug"
"CAGL",0.0448718727731239,FALSE,-0.117252588026791,0.215869976880897,"PCP","prev.sep"
"CAGL",-0.0307736700831658,FALSE,-0.21098574554677,0.162089580008051,"PCP","prev.oct"
"CAGL",0.0918242176350868,FALSE,-0.0773971928049269,0.245737187719719,"PCP","prev.nov"
"CAGL",-0.0226389449286125,FALSE,-0.187514258415548,0.136384069031593,"PCP","prev.dec"
"CAGL",0.000745720660952772,FALSE,-0.148810447490011,0.160727505628612,"PCP","curr.jan"
"CAGL",0.0540930739728147,FALSE,-0.135681983715927,0.218853648798288,"PCP","curr.feb"
"CAGL",0.0785129558393902,FALSE,-0.085792640284748,0.250723395414673,"PCP","curr.mar"
"CAGL",-0.031492805399464,FALSE,-0.204158273055692,0.149714264211613,"PCP","curr.apr"
"CAGL",0.179858723417766,FALSE,-0.00506129593823414,0.356421825203843,"PCP","curr.may"
"CAGL",0.0264520583564794,FALSE,-0.120278630086953,0.178093805467361,"PCP","curr.jun"
"CAGL",0.106287317340196,FALSE,-0.0721057797563207,0.263877806091014,"PCP","curr.jul"
"CAGL",0.121226890940923,FALSE,-0.0521927638250787,0.305257811856452,"PCP","curr.aug"
"CAGL",-0.0295931637352274,FALSE,-0.211553524565728,0.147277200515306,"TAVG","prev.apr"
"CAGL",0.0383699760535806,FALSE,-0.149343928908772,0.198835516894989,"TAVG","prev.may"
"CAGL",0.0200357342963184,FALSE,-0.164073258390903,0.208742620476918,"TAVG","prev.jun"
"CAGL",0.0565916234237134,FALSE,-0.0964529531694119,0.2231952537003,"TAVG","prev.jul"
"CAGL",0.0338745423366996,FALSE,-0.148659444467823,0.212763411283415,"TAVG","prev.aug"
"CAGL",0.0395292144216204,FALSE,-0.13283625405525,0.19090203167516,"TAVG","prev.sep"
"CAGL",-0.101245509454952,FALSE,-0.263696632808699,0.071763314971017,"TAVG","prev.oct"
"CAGL",-0.0541216737616482,FALSE,-0.244849958147216,0.141454469943915,"TAVG","prev.nov"
"CAGL",0.0655981346069544,FALSE,-0.134056942210517,0.262950838071431,"TAVG","prev.dec"
"CAGL",-0.0228169505000466,FALSE,-0.213209055508646,0.165153367251806,"TAVG","curr.jan"
"CAGL",-0.0323778994382494,FALSE,-0.224255699036592,0.162665789860582,"TAVG","curr.feb"
"CAGL",-0.0835546484402533,FALSE,-0.295853715417242,0.102100273953048,"TAVG","curr.mar"
"CAGL",0.125022444695749,FALSE,-0.0866288526039479,0.324168003187265,"TAVG","curr.apr"
"CAGL",-0.193143919753028,TRUE,-0.360700927668663,-0.013574274305969,"TAVG","curr.may"
"CAGL",-0.145252823201964,FALSE,-0.354776409337594,0.067798275001573,"TAVG","curr.jun"
"CAGL",0.0181652838557437,FALSE,-0.158181999247607,0.19837948215131,"TAVG","curr.jul"
"CAGL",-0.0211233030801314,FALSE,-0.190758583614869,0.166343108988014,"TAVG","curr.aug"
"CAGL",-0.0249833811442231,FALSE,-0.207686239786509,0.19648334917174,"PDSI","prev.apr"
"CAGL",-0.0794554781421116,FALSE,-0.248826733806314,0.038348681480874,"PDSI","prev.may"
"CAGL",-0.0728599664165684,FALSE,-0.257893760559527,0.100987604165432,"PDSI","prev.jun"
"CAGL",-0.05206354852445,FALSE,-0.203337640058011,0.0791197220241157,"PDSI","prev.jul"
"CAGL",-0.0249159555476977,FALSE,-0.224788797352966,0.144855650755614,"PDSI","prev.aug"
"CAGL",0.0678254654355478,FALSE,-0.110028175536225,0.367458166660145,"PDSI","prev.sep"
"CAGL",0.00739608778197851,FALSE,-0.169178884652711,0.195873508582003,"PDSI","prev.oct"
"CAGL",-0.00926505306574673,FALSE,-0.164517824369515,0.159776629297467,"PDSI","prev.nov"
"CAGL",-0.0259661528556187,FALSE,-0.210938222806025,0.0735084583299521,"PDSI","prev.dec"
"CAGL",-0.0298468711546634,FALSE,-0.206562614594208,0.110851248202115,"PDSI","curr.jan"
"CAGL",-0.0132931270066117,FALSE,-0.161387179122513,0.12930702152223,"PDSI","curr.feb"
"CAGL",0.0156819581169775,FALSE,-0.0944009622317474,0.223708605821933,"PDSI","curr.mar"
"CAGL",0.0246724909745542,FALSE,-0.151468838076177,0.194859663501082,"PDSI","curr.apr"
"CAGL",0.0472865315248179,FALSE,-0.133792187771263,0.210311266745643,"PDSI","curr.may"
"CAGL",0.043110311857892,FALSE,-0.192460688342502,0.17319388347821,"PDSI","curr.jun"
"CAGL",0.0665728025831765,FALSE,-0.0266350121746291,0.175270788077659,"PDSI","curr.jul"
"CAGL",0.0598726428123419,FALSE,-0.107393171572126,0.262391251515524,"PDSI","curr.aug"
"CAGL",0.0582538792542591,FALSE,-0.146019383889067,0.294949924975691,"PHDI","prev.apr"
"CAGL",-0.0243380807524348,FALSE,-0.145332025532321,0.0867975008170611,"PHDI","prev.may"
"CAGL",-0.101886192965664,FALSE,-0.278304688395708,0.06858550716805,"PHDI","prev.jun"
"CAGL",-0.121119570518144,FALSE,-0.323450262080014,0.050620757683041,"PHDI","prev.jul"
"CAGL",-0.0575301748566147,FALSE,-0.202983760779761,0.0907437922125872,"PHDI","prev.aug"
"CAGL",-0.00400299633398023,FALSE,-0.173930254399698,0.19047239281894,"PHDI","prev.sep"
"CAGL",0.00511017191455771,FALSE,-0.132491760452819,0.133773839447286,"PHDI","prev.oct"
"CAGL",0.00246959716779034,FALSE,-0.151353320938689,0.130840751285877,"PHDI","prev.nov"
"CAGL",0.0125422727886028,FALSE,-0.149166495862438,0.133871066674979,"PHDI","prev.dec"
"CAGL",0.0230417954484463,FALSE,-0.0822169612386351,0.129294730699361,"PHDI","curr.jan"
"CAGL",0.034331780637178,FALSE,-0.109522425467801,0.20340585218502,"PHDI","curr.feb"
"CAGL",-0.00608635292112558,FALSE,-0.172494250519298,0.177303778728787,"PHDI","curr.mar"
"CAGL",-0.0800756532496772,FALSE,-0.235948740692996,0.0646797344601417,"PHDI","curr.apr"
"CAGL",-0.021710746344803,FALSE,-0.178182280096218,0.143996738378582,"PHDI","curr.may"
"CAGL",0.0387407940062995,FALSE,-0.114618794160182,0.179871147455734,"PHDI","curr.jun"
"CAGL",0.111100750716092,TRUE,0.0033113096990767,0.212777684442743,"PHDI","curr.jul"
"CAGL",0.175556243586692,FALSE,-0.00128932804612171,0.359623064641901,"PHDI","curr.aug"
"CAGL",-0.0139537517685596,FALSE,-0.20097351209287,0.169835449489588,"ZNDX","prev.apr"
"CAGL",-0.157133861702221,FALSE,-0.327773931298066,0.0195790027407677,"ZNDX","prev.may"
"CAGL",-0.0235170715965509,FALSE,-0.20390759194681,0.147474724857646,"ZNDX","prev.jun"
"CAGL",-0.0667316181985741,FALSE,-0.237965204844644,0.108251821534366,"ZNDX","prev.jul"
"CAGL",-0.0104916022881528,FALSE,-0.171214249164136,0.156498083824204,"ZNDX","prev.aug"
"CAGL",0.0296377783146661,FALSE,-0.123265714768418,0.194986222516798,"ZNDX","prev.sep"
"CAGL",-0.0180782302502425,FALSE,-0.188427077800043,0.189269389796301,"ZNDX","prev.oct"
"CAGL",0.10599701556074,FALSE,-0.030389114695173,0.251988788440621,"ZNDX","prev.nov"
"CAGL",-0.00025169944815495,FALSE,-0.175915005214622,0.146047328006132,"ZNDX","prev.dec"
"CAGL",0.0207311260347862,FALSE,-0.150038156375129,0.197679320315098,"ZNDX","curr.jan"
"CAGL",0.054991921930894,FALSE,-0.129319765873409,0.233318641968374,"ZNDX","curr.feb"
"CAGL",0.0901954036785491,FALSE,-0.0757465584024697,0.252790683164703,"ZNDX","curr.mar"
"CAGL",-0.0423406819638748,FALSE,-0.233393124185609,0.121277642411027,"ZNDX","curr.apr"
"CAGL",0.200475132247542,TRUE,0.0183125277619074,0.379082478592746,"ZNDX","curr.may"
"CAGL",0.0103830313789426,FALSE,-0.138209921851308,0.168117765678272,"ZNDX","curr.jun"
"CAGL",0.11300755240816,FALSE,-0.0898998503329323,0.261259153483654,"ZNDX","curr.jul"
"CAGL",0.101308478578757,FALSE,-0.0466970730895765,0.266233085918282,"ZNDX","curr.aug"
"CAGL",0.0183783541443287,FALSE,-0.169777622673703,0.205590544006046,"PMDI","prev.apr"
"CAGL",-0.038846658530027,FALSE,-0.214932784987699,0.128577987010985,"PMDI","prev.may"
"CAGL",-0.0789075172620845,FALSE,-0.239607522851942,0.0618623291787448,"PMDI","prev.jun"
"CAGL",-0.101218693690183,FALSE,-0.266608708540808,0.0387723937982522,"PMDI","prev.jul"
"CAGL",-0.0482608449152155,FALSE,-0.213329713178363,0.0978477360753046,"PMDI","prev.aug"
"CAGL",0.0041013084539461,FALSE,-0.138181705423663,0.184683832776823,"PMDI","prev.sep"
"CAGL",0.00719224573435056,FALSE,-0.143918514335668,0.155226528871328,"PMDI","prev.oct"
"CAGL",0.0117475976467577,FALSE,-0.117408342947382,0.137097261330488,"PMDI","prev.nov"
"CAGL",0.0118197855514798,FALSE,-0.09024499271651,0.115274404115325,"PMDI","prev.dec"
"CAGL",-0.00519948736515845,FALSE,-0.17550676294797,0.134786714073808,"PMDI","curr.jan"
"CAGL",-0.00148967649649479,FALSE,-0.190973716854468,0.142133431640926,"PMDI","curr.feb"
"CAGL",0.0147161823437755,FALSE,-0.160889551616829,0.21897969933866,"PMDI","curr.mar"
"CAGL",0.00211549014288614,FALSE,-0.176411155933934,0.158218588098161,"PMDI","curr.apr"
"CAGL",0.0338809253532573,FALSE,-0.131780705298336,0.260234227880356,"PMDI","curr.may"
"CAGL",0.0244700945542178,FALSE,-0.193021891776923,0.156642998866082,"PMDI","curr.jun"
"CAGL",0.090771694756838,FALSE,-0.0285962762997122,0.197151334384379,"PMDI","curr.jul"
"CAGL",0.122219757000478,FALSE,-0.0352792970933924,0.312262578519877,"PMDI","curr.aug"
"CAGL",-0.00760478780829712,FALSE,-0.190124867859348,0.166582957176356,"SP01","prev.apr"
"CAGL",-0.177443313174899,TRUE,-0.342995572913962,-0.00202318158142969,"SP01","prev.may"
"CAGL",-0.0320038701712264,FALSE,-0.181553194595826,0.151421541485862,"SP01","prev.jun"
"CAGL",-0.0377344198534492,FALSE,-0.219327055086224,0.137013741761578,"SP01","prev.jul"
"CAGL",0.00897251225174634,FALSE,-0.148914150586062,0.189785617925101,"SP01","prev.aug"
"CAGL",0.0374684803029443,FALSE,-0.11898916066613,0.216807558170593,"SP01","prev.sep"
"CAGL",0.0105665716304383,FALSE,-0.174349314203431,0.202026478461695,"SP01","prev.oct"
"CAGL",0.113022876494772,FALSE,-0.04102349439227,0.258994492937671,"SP01","prev.nov"
"CAGL",-0.033152614332582,FALSE,-0.209053664158634,0.124817854329313,"SP01","prev.dec"
"CAGL",-0.00906509105294133,FALSE,-0.181015897464813,0.172262459355612,"SP01","curr.jan"
"CAGL",0.0659540889228092,FALSE,-0.119756962053729,0.238518242972375,"SP01","curr.feb"
"CAGL",0.065378800873802,FALSE,-0.100225654056126,0.239315994877063,"SP01","curr.mar"
"CAGL",-0.027576212228649,FALSE,-0.199919826229155,0.14378742318107,"SP01","curr.apr"
"CAGL",0.186252895939435,FALSE,-0.0245538707304197,0.354629163892345,"SP01","curr.may"
"CAGL",0.0199755661698524,FALSE,-0.123389333952586,0.17474858173939,"SP01","curr.jun"
"CAGL",0.102444109360025,FALSE,-0.069607884913942,0.243041888002364,"SP01","curr.jul"
"CAGL",0.104114148002915,FALSE,-0.034798626616653,0.257709555589753,"SP01","curr.aug"
"CAGL",-0.0647196008625301,FALSE,-0.255861250886534,0.116756414631744,"SP02","prev.apr"
"CAGL",-0.0753234343848181,FALSE,-0.235037064997686,0.114468200552395,"SP02","prev.may"
"CAGL",-0.0891761401284953,FALSE,-0.218715416193377,0.0364061638138677,"SP02","prev.jun"
"CAGL",-0.0482212019713582,FALSE,-0.229039307974064,0.132841971125487,"SP02","prev.jul"
"CAGL",-0.0303442419503738,FALSE,-0.219381986501727,0.150729606755506,"SP02","prev.aug"
"CAGL",0.09726633061861,FALSE,-0.0524987086764007,0.260877569862721,"SP02","prev.sep"
"CAGL",0.0126097382986191,FALSE,-0.146134402013921,0.174101647275453,"SP02","prev.oct"
"CAGL",-0.00747453866006975,FALSE,-0.164369820178616,0.131658981142446,"SP02","prev.nov"
"CAGL",0.0984832158908143,FALSE,-0.130697030825959,0.297321711071505,"SP02","prev.dec"
"CAGL",-0.0958576129052863,FALSE,-0.265010941013392,0.0750829346070495,"SP02","curr.jan"
"CAGL",0.0305698806869948,FALSE,-0.157716397244305,0.202460472635561,"SP02","curr.feb"
"CAGL",0.128592535428556,FALSE,-0.0482013418258897,0.298615398847138,"SP02","curr.mar"
"CAGL",-0.0522858945164115,FALSE,-0.237597100451884,0.121232468482511,"SP02","curr.apr"
"CAGL",0.126496361613062,FALSE,-0.0489424590906143,0.284528872609783,"SP02","curr.may"
"CAGL",0.0739435410636739,FALSE,-0.0754708272392869,0.217852489937555,"SP02","curr.jun"
"CAGL",-0.0105682636103284,FALSE,-0.180101276807599,0.149121960738136,"SP02","curr.jul"
"CAGL",0.201526403005101,TRUE,0.0241577053891682,0.372140173594829,"SP02","curr.aug"
"CAGL",0.0969393540118788,FALSE,-0.124761327551092,0.331709600001231,"SP03","prev.apr"
"CAGL",-0.145669910061598,FALSE,-0.424501658305125,0.0503433010050164,"SP03","prev.may"
"CAGL",-0.0441985917091444,FALSE,-0.217002362175512,0.188723615361404,"SP03","prev.jun"
"CAGL",-0.119322449181374,FALSE,-0.342792501655281,0.0911779658934763,"SP03","prev.jul"
"CAGL",0.0145067518531489,FALSE,-0.188568381843778,0.214229596447285,"SP03","prev.aug"
"CAGL",0.0726996194032234,FALSE,-0.118982369525328,0.241168246263675,"SP03","prev.sep"
"CAGL",-0.0166426245241126,FALSE,-0.219176103076067,0.176262382094781,"SP03","prev.oct"
"CAGL",0.0686894719614207,FALSE,-0.10515681215994,0.286433868165595,"SP03","prev.nov"
"CAGL",-0.0325032467482419,FALSE,-0.254595029629977,0.168533185714473,"SP03","prev.dec"
"CAGL",0.0779849597315702,FALSE,-0.103017513950023,0.251539313132625,"SP03","curr.jan"
"CAGL",-0.0899095877211182,FALSE,-0.256087167826639,0.0895944735822417,"SP03","curr.feb"
"CAGL",0.069324251419919,FALSE,-0.0711546123468432,0.246945374880602,"SP03","curr.mar"
"CAGL",0.0104433333266882,FALSE,-0.169052890949062,0.200896459714749,"SP03","curr.apr"
"CAGL",0.160730526591669,FALSE,-0.0598954755732145,0.346874149546296,"SP03","curr.may"
"CAGL",-0.0860651825675457,FALSE,-0.289162907285484,0.120979310830823,"SP03","curr.jun"
"CAGL",0.0946257630341267,FALSE,-0.0376699201501405,0.245586889025208,"SP03","curr.jul"
"CAGL",0.191028636344409,FALSE,-0.0327579997906917,0.38649038227091,"SP03","curr.aug"
"CAGL",0.0366712024258249,FALSE,-0.142795768848647,0.250734809946249,"SP06","prev.apr"
"CAGL",-0.0363991165106174,FALSE,-0.202835083965731,0.0834562083410506,"SP06","prev.may"
"CAGL",-0.0171580816552914,FALSE,-0.163281862575496,0.132051244679171,"SP06","prev.jun"
"CAGL",-0.0462367749110933,FALSE,-0.217929108698912,0.137451285380979,"SP06","prev.jul"
"CAGL",-0.108959547482592,FALSE,-0.332341767342684,0.0809282987336693,"SP06","prev.aug"
"CAGL",0.000824681653966288,FALSE,-0.135454330996366,0.199648770413642,"SP06","prev.sep"
"CAGL",-0.04316706869803,FALSE,-0.231661218090067,0.0788458810505061,"SP06","prev.oct"
"CAGL",0.0410147340163841,FALSE,-0.106820607598465,0.231530481133616,"SP06","prev.nov"
"CAGL",0.0419849426856736,FALSE,-0.0616932836913567,0.154886364886049,"SP06","prev.dec"
"CAGL",0.0245649947544164,FALSE,-0.127417988386731,0.156034934755435,"SP06","curr.jan"
"CAGL",0.0304998318940403,FALSE,-0.1130354763677,0.191727553809742,"SP06","curr.feb"
"CAGL",-0.0460663193937079,FALSE,-0.249671769885703,0.145376241559476,"SP06","curr.mar"
"CAGL",0.0333672391859442,FALSE,-0.146959875458947,0.251552677928771,"SP06","curr.apr"
"CAGL",-0.00312274111289294,FALSE,-0.139908334837861,0.134798268958505,"SP06","curr.may"
"CAGL",-0.0492991059657897,FALSE,-0.221950955586599,0.146647171760184,"SP06","curr.jun"
"CAGL",0.0690667898802235,FALSE,-0.0821970931624637,0.206420295225798,"SP06","curr.jul"
"CAGL",0.207168781416637,FALSE,-0.0275098472492183,0.420751179342591,"SP06","curr.aug"
"CAGL",-0.0378762109035336,FALSE,-0.18890626587135,0.158160197834933,"SP09","prev.apr"
"CAGL",-0.0472680186462354,FALSE,-0.173685661138759,0.102061703848989,"SP09","prev.may"
"CAGL",-0.0812899881019947,FALSE,-0.3145448715525,0.042955049452589,"SP09","prev.jun"
"CAGL",-0.0483137500189825,FALSE,-0.267502002395767,0.103629850430752,"SP09","prev.jul"
"CAGL",0.0117729791934453,FALSE,-0.149124535532844,0.148930031958534,"SP09","prev.aug"
"CAGL",0.0973776304994853,FALSE,-0.0595841279181892,0.309172072170563,"SP09","prev.sep"
"CAGL",0.0127832867423304,FALSE,-0.116425151483342,0.177478094572462,"SP09","prev.oct"
"CAGL",-0.0424485251769865,FALSE,-0.164992285463204,0.0911291286159588,"SP09","prev.nov"
"CAGL",-0.0666753293035483,FALSE,-0.234884049458775,0.11357877749109,"SP09","prev.dec"
"CAGL",-0.0604543403102218,FALSE,-0.204384745355906,0.0651299209287866,"SP09","curr.jan"
"CAGL",-0.0213398070703057,FALSE,-0.192407369091214,0.133890409272971,"SP09","curr.feb"
"CAGL",0.0441458974499359,FALSE,-0.121240257407564,0.204983888594905,"SP09","curr.mar"
"CAGL",0.0449766563166945,FALSE,-0.116915240635415,0.216242164755101,"SP09","curr.apr"
"CAGL",0.0478976905316554,FALSE,-0.162969745893199,0.250084122679608,"SP09","curr.may"
"CAGL",-0.0395964356916394,FALSE,-0.25950869786354,0.139254152434738,"SP09","curr.jun"
"CAGL",0.0903288834530272,FALSE,-0.0356295141377311,0.229668267739415,"SP09","curr.jul"
"CAGL",0.144481882695617,FALSE,-0.0154182430165117,0.331282259312491,"SP09","curr.aug"
"CAGL",-0.182040634330037,FALSE,-0.403880234910561,0.0234122822402278,"SP12","prev.apr"
"CAGL",-0.110735760650391,FALSE,-0.271958165265562,-0.00425097589103531,"SP12","prev.may"
"CAGL",0.0373463047802449,FALSE,-0.122029982632214,0.224840056480175,"SP12","prev.jun"
"CAGL",0.0376399994646697,FALSE,-0.129833487141627,0.264650699451956,"SP12","prev.jul"
"CAGL",-0.0152340652076979,FALSE,-0.196629212075133,0.14563169006866,"SP12","prev.aug"
"CAGL",0.0638829119747524,FALSE,-0.115413551145012,0.251047809332263,"SP12","prev.sep"
"CAGL",0.0303991656986303,FALSE,-0.149635080175683,0.19560477168359,"SP12","prev.oct"
"CAGL",0.015969578271119,FALSE,-0.129629783904812,0.162959328185561,"SP12","prev.nov"
"CAGL",-0.00665743537934551,FALSE,-0.120050212136172,0.111015936416761,"SP12","prev.dec"
"CAGL",-0.059431479548311,FALSE,-0.157015996960428,0.0359304052781696,"SP12","curr.jan"
"CAGL",-0.103661050617265,FALSE,-0.253678282792642,0.0234468822702968,"SP12","curr.feb"
"CAGL",-0.0656624704646304,FALSE,-0.248829537467007,0.101130831931427,"SP12","curr.mar"
"CAGL",-0.0356332177067604,FALSE,-0.210799908508043,0.121889373772372,"SP12","curr.apr"
"CAGL",0.00354032965164868,FALSE,-0.145645893695861,0.145854319482047,"SP12","curr.may"
"CAGL",-0.0100977087949991,FALSE,-0.21502822262525,0.159104160527907,"SP12","curr.jun"
"CAGL",0.100332118778605,FALSE,-0.0473954458820574,0.237757667736151,"SP12","curr.jul"
"CAGL",0.300019469816302,TRUE,0.0283645947055127,0.546457070250705,"SP12","curr.aug"
"CAGL",-0.0220663396277537,FALSE,-0.177692743356884,0.108204872506289,"SP24","prev.apr"
"CAGL",-0.0223935787847064,FALSE,-0.123096566983787,0.0525931389150108,"SP24","prev.may"
"CAGL",-0.0216321461213382,FALSE,-0.0807345698511942,0.0275596997381499,"SP24","prev.jun"
"CAGL",-0.0192193322900963,FALSE,-0.0996880815500117,0.0535010439649429,"SP24","prev.jul"
"CAGL",-0.0110425019121287,FALSE,-0.0884498065027368,0.145847388036826,"SP24","prev.aug"
"CAGL",-0.0164420048838947,FALSE,-0.12371303291156,0.191377852131726,"SP24","prev.sep"
"CAGL",-0.017225460584172,FALSE,-0.0748799268302858,0.121617024881619,"SP24","prev.oct"
"CAGL",-0.0204706344045192,FALSE,-0.105379837468772,0.0680668045615316,"SP24","prev.nov"
"CAGL",-0.00515763823352795,FALSE,-0.13573908532348,0.209594524162631,"SP24","prev.dec"
"CAGL",-0.0534609900315703,FALSE,-0.165350439222948,0.0830321515463046,"SP24","curr.jan"
"CAGL",-0.0857075929577918,FALSE,-0.182092803364659,0.0208528928973188,"SP24","curr.feb"
"CAGL",-0.143888070421193,TRUE,-0.275415412459147,-0.0398436865498738,"SP24","curr.mar"
"CAGL",-0.172790513432817,FALSE,-0.392334548355936,-0.0169021555290413,"SP24","curr.apr"
"CAGL",-0.113803522709384,FALSE,-0.350082030666175,0.0450860982016207,"SP24","curr.may"
"CAGL",0.00935259416429832,FALSE,-0.145829339817202,0.123578888312714,"SP24","curr.jun"
"CAGL",0.154152129361739,TRUE,0.0327904854720502,0.286015239556393,"SP24","curr.jul"
"CAGL",0.360386173736278,TRUE,0.100467836781981,0.659785376238719,"SP24","curr.aug"
"CAGL",-0.00137650567908135,FALSE,-0.173884274171139,0.165490798424147,"TMIN","prev.apr"
"CAGL",0.000489309967992872,FALSE,-0.167513422947524,0.197456933684406,"TMIN","prev.may"
"CAGL",0.0129741807464431,FALSE,-0.182245462259277,0.194639828501258,"TMIN","prev.jun"
"CAGL",0.0611770101661035,FALSE,-0.108959021932306,0.23970072450096,"TMIN","prev.jul"
"CAGL",0.087972462441098,FALSE,-0.0886088142940566,0.26217917231364,"TMIN","prev.aug"
"CAGL",0.0470473349213351,FALSE,-0.135694024752373,0.223624307094908,"TMIN","prev.sep"
"CAGL",-0.0693444395343635,FALSE,-0.223765935451617,0.098176322727972,"TMIN","prev.oct"
"CAGL",-0.0254888371410911,FALSE,-0.222573126568704,0.153764845601501,"TMIN","prev.nov"
"CAGL",0.108720584364413,FALSE,-0.084396497920018,0.306799075452967,"TMIN","prev.dec"
"CAGL",-0.0433489299787893,FALSE,-0.262634677820227,0.121204372445134,"TMIN","curr.jan"
"CAGL",-0.029733240696977,FALSE,-0.206482777732428,0.161800514370051,"TMIN","curr.feb"
"CAGL",-0.0388851818599231,FALSE,-0.250670955737451,0.153051455887124,"TMIN","curr.mar"
"CAGL",0.106065283381363,FALSE,-0.0855202339570294,0.295930099443688,"TMIN","curr.apr"
"CAGL",-0.155049711400531,FALSE,-0.328419805181815,0.0248426955856073,"TMIN","curr.may"
"CAGL",-0.147756649155165,FALSE,-0.341779155728227,0.0638526175382596,"TMIN","curr.jun"
"CAGL",0.0421601693173802,FALSE,-0.139362131814115,0.214405467540482,"TMIN","curr.jul"
"CAGL",0.0114224676157106,FALSE,-0.157444385160826,0.190352638098058,"TMIN","curr.aug"
"CAGL",-0.0430482987441072,FALSE,-0.233690108341727,0.141739403932369,"TMAX","prev.apr"
"CAGL",0.0619082692690889,FALSE,-0.11047625032626,0.24304632731347,"TMAX","prev.may"
"CAGL",0.0410517641436969,FALSE,-0.13513453037159,0.199082628199552,"TMAX","prev.jun"
"CAGL",0.0244727512668333,FALSE,-0.13665444220835,0.192961809464483,"TMAX","prev.jul"
"CAGL",-0.0118965592426478,FALSE,-0.181523869376861,0.159722383125463,"TMAX","prev.aug"
"CAGL",0.000563414837905708,FALSE,-0.159569205428362,0.147818931122443,"TMAX","prev.sep"
"CAGL",-0.0890971802967279,FALSE,-0.256011384720769,0.0999830124978406,"TMAX","prev.oct"
"CAGL",-0.0922662259362998,FALSE,-0.267264542859623,0.0924014403385136,"TMAX","prev.nov"
"CAGL",0.0381467235260268,FALSE,-0.164335695076099,0.218362536264247,"TMAX","prev.dec"
"CAGL",-0.0205526332863203,FALSE,-0.225303493966455,0.163225846680761,"TMAX","curr.jan"
"CAGL",-0.0263922273863051,FALSE,-0.21674878519815,0.15758295667501,"TMAX","curr.feb"
"CAGL",-0.0930393808551175,FALSE,-0.27119103858084,0.098612401576359,"TMAX","curr.mar"
"CAGL",0.0797722621757431,FALSE,-0.100641578957839,0.268314712404759,"TMAX","curr.apr"
"CAGL",-0.203120241324882,TRUE,-0.37523151388803,-0.0107917177146701,"TMAX","curr.may"
"CAGL",-0.105984635883069,FALSE,-0.304741551622119,0.075125614040663,"TMAX","curr.jun"
"CAGL",-0.0161376940273614,FALSE,-0.173996070520469,0.165474223893204,"TMAX","curr.jul"
"CAGL",-0.0295932192991906,FALSE,-0.183359640444383,0.122019578176416,"TMAX","curr.aug"
"CAGL",-0.0545897857911865,FALSE,-0.225731944562079,0.10079168186364,"PDSI_prewhiten","prev.apr"
"CAGL",-0.190019453487825,TRUE,-0.36431033673739,-0.0213582513727063,"PDSI_prewhiten","prev.may"
"CAGL",0.0194130074446073,FALSE,-0.177214398999722,0.201763173442989,"PDSI_prewhiten","prev.jun"
"CAGL",0.0296902641588915,FALSE,-0.138044458823481,0.199037553429464,"PDSI_prewhiten","prev.jul"
"CAGL",-0.0096200772771498,FALSE,-0.168265596500184,0.142611093255709,"PDSI_prewhiten","prev.aug"
"CAGL",0.093311384440692,FALSE,-0.0791879216437759,0.269469949206698,"PDSI_prewhiten","prev.sep"
"CAGL",0.00851254275780216,FALSE,-0.162457772927616,0.188991564857136,"PDSI_prewhiten","prev.oct"
"CAGL",0.0324507306702789,FALSE,-0.176768612877387,0.207617370571497,"PDSI_prewhiten","prev.nov"
"CAGL",-0.11073186572622,FALSE,-0.291297016568785,0.0920611501944716,"PDSI_prewhiten","prev.dec"
"CAGL",0.0564847940094463,FALSE,-0.134215937475584,0.244292800707473,"PDSI_prewhiten","curr.jan"
"CAGL",0.0762442076563564,FALSE,-0.107883271624598,0.247800854718905,"PDSI_prewhiten","curr.feb"
"CAGL",0.12491084544675,FALSE,-0.0422967393620731,0.298003944050156,"PDSI_prewhiten","curr.mar"
"CAGL",-0.0512440249673727,FALSE,-0.242779586195543,0.12837699184786,"PDSI_prewhiten","curr.apr"
"CAGL",0.104752331165486,FALSE,-0.0889664255954942,0.290051309491578,"PDSI_prewhiten","curr.may"
"CAGL",0.0248609980158414,FALSE,-0.13902586763062,0.168833901382637,"PDSI_prewhiten","curr.jun"
"CAGL",0.136018289376289,FALSE,-0.0182346866780937,0.267347093423468,"PDSI_prewhiten","curr.jul"
"CAGL",0.0925063354749798,FALSE,-0.11320288828195,0.266943512850942,"PDSI_prewhiten","curr.aug"
"CAGL",0.110640345831698,FALSE,-0.0943355709346985,0.270425730578537,"PHDI_prewhiten","prev.apr"
"CAGL",-0.13473010349136,FALSE,-0.312386086281133,0.0339182502629612,"PHDI_prewhiten","prev.may"
"CAGL",-0.0123338223357663,FALSE,-0.189892298713056,0.14735029426868,"PHDI_prewhiten","prev.jun"
"CAGL",-0.0695941595581749,FALSE,-0.266623844033125,0.106398601681293,"PHDI_prewhiten","prev.jul"
"CAGL",0.0306178025395388,FALSE,-0.185507714875852,0.22060378077794,"PHDI_prewhiten","prev.aug"
"CAGL",0.0764616769246889,FALSE,-0.0940722402079309,0.254835206523954,"PHDI_prewhiten","prev.sep"
"CAGL",-0.0385716024753317,FALSE,-0.183052649681841,0.136293710180304,"PHDI_prewhiten","prev.oct"
"CAGL",0.0667707107650769,FALSE,-0.0931818129545986,0.227474748130951,"PHDI_prewhiten","prev.nov"
"CAGL",0.0100573402096381,FALSE,-0.130317643020533,0.139774853670179,"PHDI_prewhiten","prev.dec"
"CAGL",0.0811549926044416,FALSE,-0.0803371614498646,0.229151674429428,"PHDI_prewhiten","curr.jan"
"CAGL",0.0712562382262125,FALSE,-0.116261784034549,0.250186689751431,"PHDI_prewhiten","curr.feb"
"CAGL",-0.0131093791283806,FALSE,-0.167936848350144,0.148905816331413,"PHDI_prewhiten","curr.mar"
"CAGL",0.00778037757838872,FALSE,-0.157800044335914,0.160973067469325,"PHDI_prewhiten","curr.apr"
"CAGL",0.163558652062799,FALSE,-0.0253748115491422,0.347424704904155,"PHDI_prewhiten","curr.may"
"CAGL",0.0703284027908566,FALSE,-0.0786738814171907,0.221720847460363,"PHDI_prewhiten","curr.jun"
"CAGL",0.03718073248599,FALSE,-0.159681970117245,0.214000831707192,"PHDI_prewhiten","curr.jul"
"CAGL",0.16940711874669,FALSE,-0.0046422189899394,0.347310681739489,"PHDI_prewhiten","curr.aug"
"CAGL",0.00430020837310293,FALSE,-0.165784017056928,0.19466912482105,"PMDI_prewhiten","prev.apr"
"CAGL",-0.155495795436487,FALSE,-0.344030715492377,0.0446926059964459,"PMDI_prewhiten","prev.may"
"CAGL",-0.0280487601126176,FALSE,-0.206601883605532,0.151892397833427,"PMDI_prewhiten","prev.jun"
"CAGL",-0.0800277495224065,FALSE,-0.262572617751467,0.120717361525308,"PMDI_prewhiten","prev.jul"
"CAGL",-0.00918174151552614,FALSE,-0.184739468536089,0.171348857718555,"PMDI_prewhiten","prev.aug"
"CAGL",0.0270855516237253,FALSE,-0.124581098569762,0.208272563172203,"PMDI_prewhiten","prev.sep"
"CAGL",-0.0259209489409279,FALSE,-0.19175632704613,0.146942301900921,"PMDI_prewhiten","prev.oct"
"CAGL",0.0859637425481811,FALSE,-0.070066196815968,0.23985305147134,"PMDI_prewhiten","prev.nov"
"CAGL",0.0313862485048612,FALSE,-0.13418089241282,0.180305289907621,"PMDI_prewhiten","prev.dec"
"CAGL",0.0096447078549907,FALSE,-0.172655626530841,0.182594824988863,"PMDI_prewhiten","curr.jan"
"CAGL",0.0675004174474181,FALSE,-0.114027994481765,0.240702464410376,"PMDI_prewhiten","curr.feb"
"CAGL",0.0614630613315975,FALSE,-0.081161677776104,0.245695994480602,"PMDI_prewhiten","curr.mar"
"CAGL",-0.0375992802425275,FALSE,-0.22491746306063,0.143146913965485,"PMDI_prewhiten","curr.apr"
"CAGL",0.150970562241797,FALSE,-0.0345659661229661,0.34012449476533,"PMDI_prewhiten","curr.may"
"CAGL",0.037929303437481,FALSE,-0.11189237525135,0.189205298833325,"PMDI_prewhiten","curr.jun"
"CAGL",0.0959742396698586,FALSE,-0.0925064111020757,0.255290964226893,"PMDI_prewhiten","curr.jul"
"CAGL",0.0869510312784514,FALSE,-0.0697648270698795,0.2626817528994,"PMDI_prewhiten","curr.aug"
"CAOV",0.0152296621244371,FALSE,-0.16040314914598,0.167556544110103,"PCP","prev.apr"
"CAOV",-0.0366069573952596,FALSE,-0.251878328442246,0.159222238645126,"PCP","prev.may"
"CAOV",-0.0963334714678623,FALSE,-0.266513860898117,0.0545016965615923,"PCP","prev.jun"
"CAOV",-0.0820810977104228,FALSE,-0.264087818816388,0.0878300118070706,"PCP","prev.jul"
"CAOV",0.0127962850746427,FALSE,-0.19411919765435,0.213247438341599,"PCP","prev.aug"
"CAOV",0.0398587103485797,FALSE,-0.114939698334137,0.192194690152061,"PCP","prev.sep"
"CAOV",-0.114031112335972,FALSE,-0.311947072856513,0.0630551638597117,"PCP","prev.oct"
"CAOV",0.0818015192322126,FALSE,-0.0719357299660099,0.24463663981402,"PCP","prev.nov"
"CAOV",0.0394114382887136,FALSE,-0.128563018839166,0.201842600654379,"PCP","prev.dec"
"CAOV",-0.0853963343333821,FALSE,-0.269972445052221,0.0754425149879935,"PCP","curr.jan"
"CAOV",0.0470351717984802,FALSE,-0.143656379354684,0.215846798567123,"PCP","curr.feb"
"CAOV",-0.00870912403431363,FALSE,-0.223724892548513,0.193495323606696,"PCP","curr.mar"
"CAOV",-0.0874246320576975,FALSE,-0.272902218580057,0.0883973634872526,"PCP","curr.apr"
"CAOV",0.0748770950484295,FALSE,-0.113568189544437,0.245234798608924,"PCP","curr.may"
"CAOV",0.0510117561529688,FALSE,-0.0998777734137324,0.214165558377598,"PCP","curr.jun"
"CAOV",0.184582037655648,TRUE,0.00197344144396652,0.334703688410743,"PCP","curr.jul"
"CAOV",0.141377521464237,FALSE,-0.0342037301084045,0.318930706478645,"PCP","curr.aug"
"CAOV",0.082635150318343,FALSE,-0.110067434475672,0.27078980364891,"TAVG","prev.apr"
"CAOV",-0.0225904243297564,FALSE,-0.204227141787352,0.159109145269543,"TAVG","prev.may"
"CAOV",-0.0331985821684903,FALSE,-0.220580837068806,0.140808283558252,"TAVG","prev.jun"
"CAOV",0.00937037598951137,FALSE,-0.14999367987776,0.167486767020495,"TAVG","prev.jul"
"CAOV",0.0353914042760552,FALSE,-0.150161441626952,0.207428435545427,"TAVG","prev.aug"
"CAOV",0.0482030073439697,FALSE,-0.139686343413275,0.20175124491337,"TAVG","prev.sep"
"CAOV",-0.0460707484664265,FALSE,-0.215176446945416,0.128116636145549,"TAVG","prev.oct"
"CAOV",-0.0440009330307423,FALSE,-0.214576428619607,0.120184938221839,"TAVG","prev.nov"
"CAOV",-0.0260512672805865,FALSE,-0.212372766921946,0.142433719098781,"TAVG","prev.dec"
"CAOV",0.0212558746944382,FALSE,-0.173317032518871,0.209490891475383,"TAVG","curr.jan"
"CAOV",0.0480542138696353,FALSE,-0.128789395834295,0.223198417708143,"TAVG","curr.feb"
"CAOV",-0.0238464306230703,FALSE,-0.208307634243919,0.148843146745091,"TAVG","curr.mar"
"CAOV",0.160984229881216,FALSE,-0.0217458796719429,0.340598152019896,"TAVG","curr.apr"
"CAOV",-0.231055455795231,TRUE,-0.3977741872832,-0.0524607641302155,"TAVG","curr.may"
"CAOV",-0.108957910143871,FALSE,-0.311981357592465,0.0766924335038401,"TAVG","curr.jun"
"CAOV",-0.00612680796971626,FALSE,-0.162361452629901,0.169697005800187,"TAVG","curr.jul"
"CAOV",-0.0466913788491034,FALSE,-0.237272049883509,0.132227172021121,"TAVG","curr.aug"
"CAOV",0.0422401810619851,FALSE,-0.131531468627745,0.251771576396226,"PDSI","prev.apr"
"CAOV",-0.00909120341035106,FALSE,-0.158653397775695,0.103279761926878,"PDSI","prev.may"
"CAOV",-0.0715894091908097,FALSE,-0.27371522313812,0.112772127325915,"PDSI","prev.jun"
"CAOV",-0.0681097734325095,FALSE,-0.204053179684062,0.0608999158154038,"PDSI","prev.jul"
"CAOV",-0.0212760396620066,FALSE,-0.217056603018798,0.14608528358726,"PDSI","prev.aug"
"CAOV",0.0290281388506068,FALSE,-0.148939407375581,0.302126710187274,"PDSI","prev.sep"
"CAOV",0.0118073601688124,FALSE,-0.133703193940935,0.154866904699161,"PDSI","prev.oct"
"CAOV",-0.00231404019045619,FALSE,-0.136715817091103,0.150129023244108,"PDSI","prev.nov"
"CAOV",0.0205637031180802,FALSE,-0.123658236097994,0.117911433538725,"PDSI","prev.dec"
"CAOV",0.0191396422119769,FALSE,-0.124876956909952,0.127002976101344,"PDSI","curr.jan"
"CAOV",-0.0103679492138599,FALSE,-0.124345879772189,0.11623077011589,"PDSI","curr.feb"
"CAOV",-0.0275751394520913,FALSE,-0.159266127413463,0.139271299921591,"PDSI","curr.mar"
"CAOV",-0.107787686952588,FALSE,-0.273078933165038,0.0634197579131196,"PDSI","curr.apr"
"CAOV",-0.0570951398327289,FALSE,-0.235183127288867,0.103546185010137,"PDSI","curr.may"
"CAOV",0.00761335189208275,FALSE,-0.200718295666308,0.14913669622226,"PDSI","curr.jun"
"CAOV",0.110278732549589,FALSE,0.00334077652005482,0.225104864957834,"PDSI","curr.jul"
"CAOV",0.132939665302458,FALSE,-0.0220639052971296,0.312800194598181,"PDSI","curr.aug"
"CAOV",0.0824462180121938,FALSE,-0.151393209003338,0.285527388525628,"PHDI","prev.apr"
"CAOV",0.000121126683677316,FALSE,-0.110124617785018,0.114918655149468,"PHDI","prev.may"
"CAOV",-0.0880020092116726,FALSE,-0.285525881988581,0.0913436103467267,"PHDI","prev.jun"
"CAOV",-0.114152296279394,FALSE,-0.329776176838742,0.0659859177273459,"PHDI","prev.jul"
"CAOV",-0.0351426343490197,FALSE,-0.184371893473042,0.148060687538024,"PHDI","prev.aug"
"CAOV",-0.0072667226959103,FALSE,-0.179293170708425,0.226642328838279,"PHDI","prev.sep"
"CAOV",0.00947960451361173,FALSE,-0.130187477486614,0.126475434789233,"PHDI","prev.oct"
"CAOV",0.00941195598836196,FALSE,-0.170948960695003,0.134720450880502,"PHDI","prev.nov"
"CAOV",0.0296233384801729,FALSE,-0.138679684661113,0.157091552318955,"PHDI","prev.dec"
"CAOV",0.0470736502431603,FALSE,-0.0638681128540297,0.162486902424101,"PHDI","curr.jan"
"CAOV",0.0697975696984141,FALSE,-0.0528125309132761,0.224497782640086,"PHDI","curr.feb"
"CAOV",-0.0146067065142068,FALSE,-0.169509205459921,0.163933895418424,"PHDI","curr.mar"
"CAOV",-0.187981274144404,TRUE,-0.356517497816727,-0.0286643367417631,"PHDI","curr.apr"
"CAOV",-0.144399183476849,FALSE,-0.297672161041042,0.0116602981266882,"PHDI","curr.may"
"CAOV",-0.0315100325899866,FALSE,-0.193088876544182,0.0932942006505204,"PHDI","curr.jun"
"CAOV",0.118399656309146,TRUE,0.0143134538216207,0.243676632570287,"PHDI","curr.jul"
"CAOV",0.25617986594592,TRUE,0.0833676746120222,0.438901257991697,"PHDI","curr.aug"
"CAOV",0.00239330868428453,FALSE,-0.187870898657028,0.180463086757128,"ZNDX","prev.apr"
"CAOV",-0.0283487926077985,FALSE,-0.261936437035938,0.169848209255339,"ZNDX","prev.may"
"CAOV",-0.0854753189860198,FALSE,-0.245722068187102,0.0633626177829523,"ZNDX","prev.jun"
"CAOV",-0.0847850609065682,FALSE,-0.281671489565716,0.0919189890629561,"ZNDX","prev.jul"
"CAOV",-0.00772161655413573,FALSE,-0.196271192548828,0.161208305376896,"ZNDX","prev.aug"
"CAOV",0.0393451412806382,FALSE,-0.105928695077114,0.183317633106854,"ZNDX","prev.sep"
"CAOV",-0.110898683033804,FALSE,-0.31322610265992,0.0760879358474552,"ZNDX","prev.oct"
"CAOV",0.087619557863577,FALSE,-0.0573008664324445,0.243060104517221,"ZNDX","prev.nov"
"CAOV",0.042424864179053,FALSE,-0.119963482484548,0.221411233559426,"ZNDX","prev.dec"
"CAOV",-0.0847592100250999,FALSE,-0.248876314638475,0.0701713628672883,"ZNDX","curr.jan"
"CAOV",0.0286049363688857,FALSE,-0.146129989127229,0.201844009286253,"ZNDX","curr.feb"
"CAOV",-0.0171394391839928,FALSE,-0.222706492290966,0.19424072873427,"ZNDX","curr.mar"
"CAOV",-0.113163383824298,FALSE,-0.292030419421156,0.0640171276081827,"ZNDX","curr.apr"
"CAOV",0.0768394470719201,FALSE,-0.114434831596076,0.257414577880692,"ZNDX","curr.may"
"CAOV",0.0171085182732847,FALSE,-0.135079139740284,0.186556842069178,"ZNDX","curr.jun"
"CAOV",0.184327059527679,FALSE,-0.00965610900425004,0.3289043857729,"ZNDX","curr.jul"
"CAOV",0.142079243595945,FALSE,-0.0184637850847954,0.310674201862054,"ZNDX","curr.aug"
"CAOV",0.0323731355140114,FALSE,-0.235221095448085,0.22847381652923,"PMDI","prev.apr"
"CAOV",0.0241180613993139,FALSE,-0.13346311061938,0.261516556184644,"PMDI","prev.may"
"CAOV",-0.060626052570541,FALSE,-0.23811818980213,0.113471333412266,"PMDI","prev.jun"
"CAOV",-0.0980262039437856,FALSE,-0.261118960482843,0.0541698037289602,"PMDI","prev.jul"
"CAOV",-0.052494335884508,FALSE,-0.220309850498588,0.105882174351437,"PMDI","prev.aug"
"CAOV",-0.00154305020792772,FALSE,-0.150419766698252,0.179333411280692,"PMDI","prev.sep"
"CAOV",0.00852885468822467,FALSE,-0.142587969088865,0.131408964192537,"PMDI","prev.oct"
"CAOV",0.0142654148283218,FALSE,-0.104638820714255,0.153132950008385,"PMDI","prev.nov"
"CAOV",0.0282936482977278,FALSE,-0.0820502511396611,0.138323563386185,"PMDI","prev.dec"
"CAOV",0.0246570140399515,FALSE,-0.141081596780054,0.158014545364695,"PMDI","curr.jan"
"CAOV",0.031695058948107,FALSE,-0.126264987185409,0.180410456435877,"PMDI","curr.feb"
"CAOV",-0.00249490648627095,FALSE,-0.166042678538006,0.207560655636588,"PMDI","curr.mar"
"CAOV",-0.112293131990569,FALSE,-0.326838772432873,0.0528157147005169,"PMDI","curr.apr"
"CAOV",-0.0854193792048081,FALSE,-0.25551845429991,0.169386645478742,"PMDI","curr.may"
"CAOV",-0.0275978342375608,FALSE,-0.242380302932136,0.118606867091845,"PMDI","curr.jun"
"CAOV",0.111047627407043,FALSE,-0.0152675814570406,0.228932706590401,"PMDI","curr.jul"
"CAOV",0.188542120110091,FALSE,-0.0109092067686427,0.40923686842363,"PMDI","curr.aug"
"CAOV",-0.0107311899238772,FALSE,-0.188884891397079,0.159165481452835,"SP01","prev.apr"
"CAOV",-0.0334344790813009,FALSE,-0.241533922092053,0.161555309209072,"SP01","prev.may"
"CAOV",-0.107411634854919,FALSE,-0.274631424640406,0.0553496811880582,"SP01","prev.jun"
"CAOV",-0.0784073530291729,FALSE,-0.254402287158786,0.100230664983763,"SP01","prev.jul"
"CAOV",-0.0138765519350879,FALSE,-0.202009944810803,0.190560729596842,"SP01","prev.aug"
"CAOV",0.0108877228710434,FALSE,-0.137194679954665,0.158716760496362,"SP01","prev.sep"
"CAOV",-0.0955014370614722,FALSE,-0.263720153968954,0.087556789218068,"SP01","prev.oct"
"CAOV",0.1039019238465,FALSE,-0.0654082445954666,0.259215553380459,"SP01","prev.nov"
"CAOV",0.0300400039005473,FALSE,-0.141694023162072,0.209123936315642,"SP01","prev.dec"
"CAOV",-0.104586807095568,FALSE,-0.264107417798422,0.0573807340231952,"SP01","curr.jan"
"CAOV",0.0370133537747273,FALSE,-0.15437416728423,0.204622384011581,"SP01","curr.feb"
"CAOV",-0.0254658647404555,FALSE,-0.214163516795446,0.168695645155597,"SP01","curr.mar"
"CAOV",-0.0825284778630569,FALSE,-0.250949306588212,0.0856856819685081,"SP01","curr.apr"
"CAOV",0.0730736057663905,FALSE,-0.10803231247369,0.234930221197501,"SP01","curr.may"
"CAOV",0.0506065614448481,FALSE,-0.103192297118193,0.209015552013733,"SP01","curr.jun"
"CAOV",0.174575309568709,TRUE,0.00655247041176291,0.318452392535372,"SP01","curr.jul"
"CAOV",0.135342635984078,FALSE,-0.0186085685126388,0.291681777064582,"SP01","curr.aug"
"CAOV",-0.0772102523882403,FALSE,-0.282404083148364,0.130140018077143,"SP02","prev.apr"
"CAOV",0.0404664575763214,FALSE,-0.115788406964845,0.214938952318415,"SP02","prev.may"
"CAOV",-0.0556351860124477,FALSE,-0.18940827499745,0.0847361500134808,"SP02","prev.jun"
"CAOV",-0.143096475561161,FALSE,-0.315535442461693,0.0203112861529094,"SP02","prev.jul"
"CAOV",-0.0461659488105453,FALSE,-0.237085436630875,0.131622803703029,"SP02","prev.aug"
"CAOV",0.132207748286653,FALSE,-0.0124837144505345,0.294408501764176,"SP02","prev.sep"
"CAOV",-0.0726263130174811,FALSE,-0.224187946686501,0.0677968621102243,"SP02","prev.oct"
"CAOV",-0.0708345094774026,FALSE,-0.219829922058847,0.075371192953701,"SP02","prev.nov"
"CAOV",0.190398937429842,FALSE,-0.00694750750564947,0.395143600989758,"SP02","prev.dec"
"CAOV",-0.0965258404344288,FALSE,-0.274667410733683,0.0633648561310625,"SP02","curr.jan"
"CAOV",-0.0828222282759761,FALSE,-0.238362314848445,0.106001290067748,"SP02","curr.feb"
"CAOV",0.0905303975977038,FALSE,-0.0796062714116748,0.271752142657154,"SP02","curr.mar"
"CAOV",-0.123052657528741,FALSE,-0.327474584424921,0.0532422392318443,"SP02","curr.apr"
"CAOV",0.0280101276202986,FALSE,-0.147908831813134,0.188005772496066,"SP02","curr.may"
"CAOV",0.0707034952484423,FALSE,-0.0810503172537535,0.213394024146095,"SP02","curr.jun"
"CAOV",0.049052608965781,FALSE,-0.127787782789731,0.197508919985474,"SP02","curr.jul"
"CAOV",0.232289953800346,TRUE,0.0500014330372652,0.408209509058494,"SP02","curr.aug"
"CAOV",0.0661302527151561,FALSE,-0.160257616148467,0.289518084100309,"SP03","prev.apr"
"CAOV",-0.0164519935138348,FALSE,-0.245056518178803,0.169632939553879,"SP03","prev.may"
"CAOV",-0.0632604356120724,FALSE,-0.252771239485852,0.159152485543497,"SP03","prev.jun"
"CAOV",-0.0861391348622698,FALSE,-0.307595512096142,0.110375389663575,"SP03","prev.jul"
"CAOV",-0.0661339396629551,FALSE,-0.248063978284642,0.142240019146628,"SP03","prev.aug"
"CAOV",0.0894943917496866,FALSE,-0.0812845391888767,0.251350751472262,"SP03","prev.sep"
"CAOV",-0.0539484228375379,FALSE,-0.237137623720412,0.123736855711761,"SP03","prev.oct"
"CAOV",0.0525539048502671,FALSE,-0.108212068130712,0.222742472586969,"SP03","prev.nov"
"CAOV",-0.0530103589609446,FALSE,-0.232455130060247,0.125423732236758,"SP03","prev.dec"
"CAOV",0.0945827021536347,FALSE,-0.087843485184055,0.284285510881613,"SP03","curr.jan"
"CAOV",-0.0694952729871217,FALSE,-0.257355880663789,0.0860139827190579,"SP03","curr.feb"
"CAOV",0.0191079576351151,FALSE,-0.136861133551759,0.182693222553942,"SP03","curr.mar"
"CAOV",-0.0658091226656523,FALSE,-0.251213399088963,0.136676832431966,"SP03","curr.apr"
"CAOV",0.0589980704226952,FALSE,-0.148463580498202,0.282047267756514,"SP03","curr.may"
"CAOV",-0.120842773299655,FALSE,-0.293343752125187,0.0831524373984136,"SP03","curr.jun"
"CAOV",0.11198916923159,FALSE,-0.0350119579126331,0.269945753483366,"SP03","curr.jul"
"CAOV",0.255176847085108,TRUE,0.0574089635663033,0.45243858180826,"SP03","curr.aug"
"CAOV",0.0638451080471744,FALSE,-0.139824194890213,0.264633325703823,"SP06","prev.apr"
"CAOV",-0.00229994614005589,FALSE,-0.14729539217636,0.128110575969015,"SP06","prev.may"
"CAOV",-0.0234486790609183,FALSE,-0.208452872348986,0.149041885996112,"SP06","prev.jun"
"CAOV",-0.0649230400826516,FALSE,-0.247499815521969,0.107593377670424,"SP06","prev.jul"
"CAOV",-0.078847014198504,FALSE,-0.314750797802149,0.170161366500781,"SP06","prev.aug"
"CAOV",0.00482834162795772,FALSE,-0.140032263186512,0.209922683150598,"SP06","prev.sep"
"CAOV",-0.0626397427381593,FALSE,-0.252828619625132,0.0592429847101593,"SP06","prev.oct"
"CAOV",0.0186227717306931,FALSE,-0.165349734865199,0.163908794113213,"SP06","prev.nov"
"CAOV",0.0630653915460498,FALSE,-0.0706109851891115,0.190466581571403,"SP06","prev.dec"
"CAOV",0.0447633492360077,FALSE,-0.0922923891753049,0.19122123459336,"SP06","curr.jan"
"CAOV",-0.0106861056675713,FALSE,-0.180340749778971,0.176685894441281,"SP06","curr.feb"
"CAOV",-0.0554644130355537,FALSE,-0.273969285521012,0.136539256371337,"SP06","curr.mar"
"CAOV",0.00209680287716192,FALSE,-0.179548060399285,0.267833498190802,"SP06","curr.apr"
"CAOV",-0.0272799893575962,FALSE,-0.199237172942819,0.135593910179894,"SP06","curr.may"
"CAOV",-0.128138950626845,FALSE,-0.319602345397117,0.0475404888154249,"SP06","curr.jun"
"CAOV",0.0303450336632208,FALSE,-0.120986035508711,0.15411283257765,"SP06","curr.jul"
"CAOV",0.275146991061165,TRUE,0.0562412684140944,0.468421902808008,"SP06","curr.aug"
"CAOV",0.00257055172204289,FALSE,-0.178444895190762,0.171709931399842,"SP09","prev.apr"
"CAOV",0.00771638714251794,FALSE,-0.0969912352978783,0.161708658136149,"SP09","prev.may"
"CAOV",-0.0310089076790984,FALSE,-0.230269035024646,0.153048755483925,"SP09","prev.jun"
"CAOV",-0.107683497608216,FALSE,-0.366557167726553,0.0459181565467801,"SP09","prev.jul"
"CAOV",-0.031810288692407,FALSE,-0.214568456708102,0.106966445685595,"SP09","prev.aug"
"CAOV",0.0465489367977505,FALSE,-0.118778157644464,0.252443111464484,"SP09","prev.sep"
"CAOV",-0.00457870910817051,FALSE,-0.153415500511929,0.136226229404769,"SP09","prev.oct"
"CAOV",0.0105164331480851,FALSE,-0.11178605694416,0.155782541412643,"SP09","prev.nov"
"CAOV",0.0418820506153448,FALSE,-0.135802620237835,0.255580888142987,"SP09","prev.dec"
"CAOV",0.0163242238220225,FALSE,-0.145031336512302,0.174346839065863,"SP09","curr.jan"
"CAOV",-0.0155764032122943,FALSE,-0.195148338218846,0.152292179173686,"SP09","curr.feb"
"CAOV",-0.00282294083244871,FALSE,-0.15560338749515,0.173131249314054,"SP09","curr.mar"
"CAOV",-0.0545546560875712,FALSE,-0.223509607220931,0.134511833420008,"SP09","curr.apr"
"CAOV",-0.0622380677690352,FALSE,-0.280167826402137,0.154541413281435,"SP09","curr.may"
"CAOV",-0.118526098779032,FALSE,-0.358575607596619,0.0655430735707248,"SP09","curr.jun"
"CAOV",0.115059699794943,FALSE,-0.0175591126717675,0.285234494533721,"SP09","curr.jul"
"CAOV",0.192952040832481,TRUE,0.00808649565076412,0.381438513288129,"SP09","curr.aug"
"CAOV",-0.249325111854854,FALSE,-0.499010845952649,0.0307662819862312,"SP12","prev.apr"
"CAOV",-0.124833419344413,FALSE,-0.2808325726767,0.0147700046520645,"SP12","prev.may"
"CAOV",0.0723393082794306,FALSE,-0.129741495952421,0.267774038845503,"SP12","prev.jun"
"CAOV",0.0590862347418214,FALSE,-0.140994088181092,0.294761191598691,"SP12","prev.jul"
"CAOV",-0.00622872357287551,FALSE,-0.195574354364452,0.177974921778683,"SP12","prev.aug"
"CAOV",0.106641397919925,FALSE,-0.107239468140956,0.348115297135209,"SP12","prev.sep"
"CAOV",0.0546551428885805,FALSE,-0.140912227003849,0.193030176469911,"SP12","prev.oct"
"CAOV",0.0405919256959075,FALSE,-0.12153373802221,0.175504103717248,"SP12","prev.nov"
"CAOV",0.00576743082962204,FALSE,-0.112425603660201,0.120854062620443,"SP12","prev.dec"
"CAOV",-0.0580053840873206,FALSE,-0.157801716402954,0.0627619833303349,"SP12","curr.jan"
"CAOV",-0.109357661102662,FALSE,-0.227997313143022,0.0488979484293676,"SP12","curr.feb"
"CAOV",-0.0741247691520284,FALSE,-0.220585832240598,0.0994128462066274,"SP12","curr.mar"
"CAOV",-0.0627676033869911,FALSE,-0.25676028000789,0.08164072698475,"SP12","curr.apr"
"CAOV",-0.0515101048418424,FALSE,-0.247329217578408,0.0973103278733327,"SP12","curr.may"
"CAOV",-0.0778963478418586,FALSE,-0.307532241386517,0.128141183882438,"SP12","curr.jun"
"CAOV",0.0771429980886858,FALSE,-0.0814582774108732,0.239680992251332,"SP12","curr.jul"
"CAOV",0.321708265074482,TRUE,0.000458733104103305,0.601794469218673,"SP12","curr.aug"
"CAOV",-0.0125544263602988,FALSE,-0.142077671995764,0.210858817837084,"SP24","prev.apr"
"CAOV",-0.0124848863708601,FALSE,-0.0896800529465062,0.110829183617041,"SP24","prev.may"
"CAOV",-0.0135355739938141,FALSE,-0.117094891008643,0.0614883129399003,"SP24","prev.jun"
"CAOV",-0.0102425044823187,FALSE,-0.18493085636792,0.0620575230984203,"SP24","prev.jul"
"CAOV",0.00086156069284559,FALSE,-0.131808483294442,0.159014667827085,"SP24","prev.aug"
"CAOV",-0.0077623733348792,FALSE,-0.231163907423215,0.171788983486036,"SP24","prev.sep"
"CAOV",-0.00846170362197846,FALSE,-0.108433753924548,0.139797011245107,"SP24","prev.oct"
"CAOV",-0.012792448851132,FALSE,-0.117321933577076,0.13549483055889,"SP24","prev.nov"
"CAOV",0.09212390991611,FALSE,-0.130241720417716,0.348156513587678,"SP24","prev.dec"
"CAOV",0.00796630769844806,FALSE,-0.166709006308028,0.172651683322514,"SP24","curr.jan"
"CAOV",-0.0694858479691315,FALSE,-0.18953420207238,0.0975356146363283,"SP24","curr.feb"
"CAOV",-0.174955775649451,TRUE,-0.304440326772498,-0.0473340309137998,"SP24","curr.mar"
"CAOV",-0.261949845435675,TRUE,-0.501789368842668,-0.0379136291589328,"SP24","curr.apr"
"CAOV",-0.233664041942931,FALSE,-0.508153851264502,0.0196586082454956,"SP24","curr.may"
"CAOV",-0.067680908158488,FALSE,-0.262710381668885,0.111597908438356,"SP24","curr.jun"
"CAOV",0.145801093186152,TRUE,0.00912279057432383,0.28048753242482,"SP24","curr.jul"
"CAOV",0.463481562667718,TRUE,0.0802559698015206,0.796983512620343,"SP24","curr.aug"
"CAOV",0.0747469312103837,FALSE,-0.0917173967409671,0.229119983084194,"TMIN","prev.apr"
"CAOV",-0.029805937004123,FALSE,-0.210745562263169,0.153025522970288,"TMIN","prev.may"
"CAOV",-0.0265940769433041,FALSE,-0.213715915075916,0.156645956199765,"TMIN","prev.jun"
"CAOV",-0.0299438096146104,FALSE,-0.200527243515266,0.138927746123699,"TMIN","prev.jul"
"CAOV",0.0754715734609246,FALSE,-0.0863498853035156,0.251854169884313,"TMIN","prev.aug"
"CAOV",0.0371194194314403,FALSE,-0.149421916209187,0.227664644254526,"TMIN","prev.sep"
"CAOV",-0.0148109231136016,FALSE,-0.190455300162958,0.14338033560353,"TMIN","prev.oct"
"CAOV",-0.00458605025695056,FALSE,-0.194152488778698,0.16601330206344,"TMIN","prev.nov"
"CAOV",0.0132538829363241,FALSE,-0.176656440157319,0.199675983213572,"TMIN","prev.dec"
"CAOV",1.40568137541543e-05,FALSE,-0.203764722486823,0.168008245375676,"TMIN","curr.jan"
"CAOV",0.0646021531112182,FALSE,-0.113506687102489,0.22472452730534,"TMIN","curr.feb"
"CAOV",0.00967428811161075,FALSE,-0.172217556457989,0.184195551649323,"TMIN","curr.mar"
"CAOV",0.112713779124947,FALSE,-0.0507960805034378,0.274389920931563,"TMIN","curr.apr"
"CAOV",-0.195667410439823,TRUE,-0.37725740626522,-0.00846080665480125,"TMIN","curr.may"
"CAOV",-0.108492931107107,FALSE,-0.288001995439812,0.0602358284052101,"TMIN","curr.jun"
"CAOV",0.0811713702338051,FALSE,-0.0781292274076216,0.238472143834558,"TMIN","curr.jul"
"CAOV",0.00489292737684457,FALSE,-0.160103121296688,0.167293598715793,"TMIN","curr.aug"
"CAOV",0.0716769351905538,FALSE,-0.118946937857476,0.264099957323768,"TMAX","prev.apr"
"CAOV",-0.0209646021846542,FALSE,-0.20141971013637,0.176520839622655,"TMAX","prev.may"
"CAOV",-0.0212594988228836,FALSE,-0.198871324344078,0.143375854958479,"TMAX","prev.jun"
"CAOV",0.0106894448857101,FALSE,-0.128191434802792,0.187805933121631,"TMAX","prev.jul"
"CAOV",0.00682445765102553,FALSE,-0.162288584393871,0.174235869414732,"TMAX","prev.aug"
"CAOV",0.0169930275799118,FALSE,-0.14535181266442,0.164526193675626,"TMAX","prev.sep"
"CAOV",-0.0417580530569931,FALSE,-0.222069310248264,0.151500918142572,"TMAX","prev.oct"
"CAOV",-0.0833473017138092,FALSE,-0.251968346671922,0.0860571939752602,"TMAX","prev.nov"
"CAOV",-0.0495732842506781,FALSE,-0.243293338391322,0.121331674467544,"TMAX","prev.dec"
"CAOV",0.0478661774630664,FALSE,-0.166162558778671,0.230929207069779,"TMAX","curr.jan"
"CAOV",0.0432446067393624,FALSE,-0.142011284281048,0.212814900113597,"TMAX","curr.feb"
"CAOV",-0.0419926522090637,FALSE,-0.217179322011283,0.121410274419434,"TMAX","curr.mar"
"CAOV",0.142496683853737,FALSE,-0.0273641570590488,0.318822356355688,"TMAX","curr.apr"
"CAOV",-0.209667617409639,TRUE,-0.376584770059333,-0.0379483771326471,"TMAX","curr.may"
"CAOV",-0.0734114943095192,FALSE,-0.263537237169949,0.0923630839844251,"TMAX","curr.jun"
"CAOV",-0.0604950900394653,FALSE,-0.21829838255358,0.10317169148681,"TMAX","curr.jul"
"CAOV",-0.0666245254149404,FALSE,-0.23159867994732,0.0841817407802359,"TMAX","curr.aug"
"CAOV",-0.0322730563869206,FALSE,-0.17606760975951,0.119205131839836,"PDSI_prewhiten","prev.apr"
"CAOV",-0.111137393730166,FALSE,-0.298514966289881,0.0779250341631813,"PDSI_prewhiten","prev.may"
"CAOV",-0.0609652375649568,FALSE,-0.231599293794149,0.104148002673401,"PDSI_prewhiten","prev.jun"
"CAOV",0.0128575569834229,FALSE,-0.139403708814098,0.16496615948752,"PDSI_prewhiten","prev.jul"
"CAOV",-0.0493235791730038,FALSE,-0.28829271376157,0.130707374111292,"PDSI_prewhiten","prev.aug"
"CAOV",0.0983111798550562,FALSE,-0.069801843214392,0.236147921883664,"PDSI_prewhiten","prev.sep"
"CAOV",-0.0425296948067983,FALSE,-0.200694848851614,0.11199819616089,"PDSI_prewhiten","prev.oct"
"CAOV",0.0209325427654386,FALSE,-0.145215032066637,0.202354104132005,"PDSI_prewhiten","prev.nov"
"CAOV",-0.0368581857054959,FALSE,-0.219402001063903,0.14516391553572,"PDSI_prewhiten","prev.dec"
"CAOV",-0.0624759155905221,FALSE,-0.234293516241502,0.104606268318437,"PDSI_prewhiten","curr.jan"
"CAOV",0.05784890173787,FALSE,-0.109844226196777,0.2194740213624,"PDSI_prewhiten","curr.feb"
"CAOV",-0.00608288031987806,FALSE,-0.179791762003739,0.166068662256706,"PDSI_prewhiten","curr.mar"
"CAOV",-0.088714797869013,FALSE,-0.245527616402235,0.0734087997092278,"PDSI_prewhiten","curr.apr"
"CAOV",0.0384332687733181,FALSE,-0.197129988374733,0.251310674993733,"PDSI_prewhiten","curr.may"
"CAOV",0.0522152637537337,FALSE,-0.0973232677621107,0.210249366650728,"PDSI_prewhiten","curr.jun"
"CAOV",0.174151386833476,TRUE,0.0240885301327387,0.329097353620599,"PDSI_prewhiten","curr.jul"
"CAOV",0.0751354039820263,FALSE,-0.108609785149451,0.229293091700843,"PDSI_prewhiten","curr.aug"
"CAOV",0.119008993613706,FALSE,-0.0641027635464561,0.278546249028337,"PHDI_prewhiten","prev.apr"
"CAOV",-0.0174503806529508,FALSE,-0.215332743076971,0.157015552831882,"PHDI_prewhiten","prev.may"
"CAOV",-0.0943400602174001,FALSE,-0.240288350393309,0.0444983689726341,"PHDI_prewhiten","prev.jun"
"CAOV",-0.119800311065702,FALSE,-0.280252413176754,0.0471905956405891,"PHDI_prewhiten","prev.jul"
"CAOV",0.0724038885840443,FALSE,-0.133235381321585,0.280980010637585,"PHDI_prewhiten","prev.aug"
"CAOV",0.0772903180574265,FALSE,-0.0762916159508018,0.233325749962815,"PHDI_prewhiten","prev.sep"
"CAOV",-0.145302976619133,FALSE,-0.298843546927525,0.0399012532903563,"PHDI_prewhiten","prev.oct"
"CAOV",0.0708610269414494,FALSE,-0.09400188970927,0.232865566292722,"PHDI_prewhiten","prev.nov"
"CAOV",0.0334139945324312,FALSE,-0.10790423902373,0.182257115533947,"PHDI_prewhiten","prev.dec"
"CAOV",-0.0350511588183589,FALSE,-0.180174003001716,0.111590484371429,"PHDI_prewhiten","curr.jan"
"CAOV",0.0612982504592828,FALSE,-0.129834815284695,0.241490789476004,"PHDI_prewhiten","curr.feb"
"CAOV",-0.132611863478337,FALSE,-0.357403334974492,0.0835211316407554,"PHDI_prewhiten","curr.mar"
"CAOV",-0.066450419567844,FALSE,-0.245286586836144,0.108847995887409,"PHDI_prewhiten","curr.apr"
"CAOV",0.0908646673568384,FALSE,-0.0836709421117472,0.258364446864484,"PHDI_prewhiten","curr.may"
"CAOV",0.0829562196449788,FALSE,-0.0789116321971055,0.244852225205205,"PHDI_prewhiten","curr.jun"
"CAOV",0.123352374790019,FALSE,-0.0577234655549496,0.272988578566556,"PHDI_prewhiten","curr.jul"
"CAOV",0.190903187814868,TRUE,0.0223237269100246,0.353208592075568,"PHDI_prewhiten","curr.aug"
"CAOV",0.0242359271404266,FALSE,-0.151974763903074,0.208691247237425,"PMDI_prewhiten","prev.apr"
"CAOV",-0.039352646383169,FALSE,-0.270876750852901,0.165607949858394,"PMDI_prewhiten","prev.may"
"CAOV",-0.0738817902714494,FALSE,-0.231397499896396,0.0758969105824358,"PMDI_prewhiten","prev.jun"
"CAOV",-0.108346632242638,FALSE,-0.286242259074279,0.0739985432632049,"PMDI_prewhiten","prev.jul"
"CAOV",0.0149558463965852,FALSE,-0.172044674392271,0.199951415218739,"PMDI_prewhiten","prev.aug"
"CAOV",0.0575628025986123,FALSE,-0.0895052923060883,0.182182816991737,"PMDI_prewhiten","prev.sep"
"CAOV",-0.0931008615807438,FALSE,-0.288074279400287,0.0658208978229969,"PMDI_prewhiten","prev.oct"
"CAOV",0.0610318692637938,FALSE,-0.0751827786038755,0.219607657931807,"PMDI_prewhiten","prev.nov"
"CAOV",0.0469066091353711,FALSE,-0.108989154150505,0.221145774341234,"PMDI_prewhiten","prev.dec"
"CAOV",-0.0713110547849219,FALSE,-0.241384105799269,0.0979732920214938,"PMDI_prewhiten","curr.jan"
"CAOV",0.0600920384333665,FALSE,-0.116662678403948,0.229172749502898,"PMDI_prewhiten","curr.feb"
"CAOV",-0.0153652182367125,FALSE,-0.208996561115315,0.164528412263596,"PMDI_prewhiten","curr.mar"
"CAOV",-0.0935214228298368,FALSE,-0.269121703808827,0.0772769032452662,"PMDI_prewhiten","curr.apr"
"CAOV",0.0900701050733592,FALSE,-0.102064227306737,0.270198318569086,"PMDI_prewhiten","curr.may"
"CAOV",0.0472438355930367,FALSE,-0.102014004863899,0.205548837378404,"PMDI_prewhiten","curr.jun"
"CAOV",0.151291289576099,FALSE,-0.0424861766753401,0.31006025658925,"PMDI_prewhiten","curr.jul"
"CAOV",0.117389465430526,FALSE,-0.0418210788111704,0.334785887580922,"PMDI_prewhiten","curr.aug"
"CATO",-0.0388066094192323,FALSE,-0.212398830271728,0.163064191533746,"PCP","prev.apr"
"CATO",-0.085625712624541,FALSE,-0.277893857011545,0.129144154807692,"PCP","prev.may"
"CATO",-0.098942761713937,FALSE,-0.298490811541393,0.10093056277788,"PCP","prev.jun"
"CATO",0.034618759361765,FALSE,-0.164701756816958,0.234458044955285,"PCP","prev.jul"
"CATO",0.0401553282047908,FALSE,-0.131222748919299,0.263252536726282,"PCP","prev.aug"
"CATO",0.000266711845538298,FALSE,-0.212556458971855,0.21572550820671,"PCP","prev.sep"
"CATO",-0.11397146787541,FALSE,-0.312860039592295,0.0860634783220294,"PCP","prev.oct"
"CATO",-0.0661368473797777,FALSE,-0.23837684683005,0.120745548698907,"PCP","prev.nov"
"CATO",0.00889437099337196,FALSE,-0.195993140062035,0.195364981635925,"PCP","prev.dec"
"CATO",-0.248948510295722,TRUE,-0.432612344647981,-0.0606362830951297,"PCP","curr.jan"
"CATO",-0.00451972803277975,FALSE,-0.25499897638841,0.22321039263812,"PCP","curr.feb"
"CATO",0.18123191265003,FALSE,0.00330438823872423,0.374511353065808,"PCP","curr.mar"
"CATO",-0.0042303986447084,FALSE,-0.172233030090439,0.193687430658255,"PCP","curr.apr"
"CATO",0.0230173914638822,FALSE,-0.160165441863891,0.226918352835596,"PCP","curr.may"
"CATO",0.0617776200503694,FALSE,-0.137320668479918,0.277169718206722,"PCP","curr.jun"
"CATO",-0.00120982286089836,FALSE,-0.214038268865648,0.188278502718393,"PCP","curr.jul"
"CATO",0.0919915015919765,FALSE,-0.104849520081062,0.275514298750191,"PCP","curr.aug"
"CATO",-0.00382433421626962,FALSE,-0.170929489023828,0.191062393453284,"TAVG","prev.apr"
"CATO",0.0286726791485189,FALSE,-0.16107914593302,0.219021941377153,"TAVG","prev.may"
"CATO",-0.0943423928701726,FALSE,-0.279889148823114,0.0756247519720376,"TAVG","prev.jun"
"CATO",0.0196699963446481,FALSE,-0.170539522209551,0.237708470180644,"TAVG","prev.jul"
"CATO",-0.0169277404391919,FALSE,-0.215030822931136,0.166428172347042,"TAVG","prev.aug"
"CATO",0.0557897564350681,FALSE,-0.129569503766402,0.203609303646576,"TAVG","prev.sep"
"CATO",-0.0413101977627261,FALSE,-0.240319126956298,0.143343902379968,"TAVG","prev.oct"
"CATO",-0.0714009522768232,FALSE,-0.303780631454058,0.145371982715058,"TAVG","prev.nov"
"CATO",0.0922298735237023,FALSE,-0.0543919392150213,0.251068993017529,"TAVG","prev.dec"
"CATO",-0.0292085733629296,FALSE,-0.218382647961124,0.187205669434981,"TAVG","curr.jan"
"CATO",-0.103732840422564,FALSE,-0.301536086250607,0.0928150658159196,"TAVG","curr.feb"
"CATO",-0.110314098274583,FALSE,-0.303533667915991,0.0914132203077296,"TAVG","curr.mar"
"CATO",0.110551791129373,FALSE,-0.0745480964529115,0.32077991690663,"TAVG","curr.apr"
"CATO",-0.00247424011784958,FALSE,-0.173107491313012,0.174999943597772,"TAVG","curr.may"
"CATO",-0.178833074964168,FALSE,-0.388702705544457,0.0382351854855485,"TAVG","curr.jun"
"CATO",-0.0352286903380623,FALSE,-0.245521199781074,0.175330470720573,"TAVG","curr.jul"
"CATO",-0.204635939116758,TRUE,-0.399414153191106,-0.0167103172839948,"TAVG","curr.aug"
"CATO",-0.0110455989917067,FALSE,-0.217943398901291,0.275395650802502,"PDSI","prev.apr"
"CATO",-0.057732311850091,FALSE,-0.248894562565262,0.0935994196264911,"PDSI","prev.may"
"CATO",-0.0650170017124301,FALSE,-0.305313755707641,0.18520843456057,"PDSI","prev.jun"
"CATO",-0.00612305602143531,FALSE,-0.219795948529605,0.163770154357652,"PDSI","prev.jul"
"CATO",0.0143576513157047,FALSE,-0.24378196345151,0.244452879349661,"PDSI","prev.aug"
"CATO",0.148627245949367,FALSE,-0.100437052531509,0.555428798133879,"PDSI","prev.sep"
"CATO",-0.00675546932816537,FALSE,-0.213104734041707,0.187896462190421,"PDSI","prev.oct"
"CATO",-0.0545968412295347,FALSE,-0.225454142235099,0.126356047736667,"PDSI","prev.nov"
"CATO",-0.0661977152101713,FALSE,-0.259183650511314,0.0828482462057933,"PDSI","prev.dec"
"CATO",-0.0778194731955793,FALSE,-0.320947807758056,0.10080270185836,"PDSI","curr.jan"
"CATO",-0.0362837033341082,FALSE,-0.168645189776852,0.0918034556458869,"PDSI","curr.feb"
"CATO",0.0243317429209309,FALSE,-0.131714742748381,0.276271805120284,"PDSI","curr.mar"
"CATO",0.030336202219774,FALSE,-0.133033272221078,0.247751213229674,"PDSI","curr.apr"
"CATO",0.0205362196757042,FALSE,-0.230782613919117,0.210320021371298,"PDSI","curr.may"
"CATO",0.0347997747181723,FALSE,-0.212216296184754,0.217927008153458,"PDSI","curr.jun"
"CATO",0.0400305769294859,FALSE,-0.0865481406831997,0.171094263303052,"PDSI","curr.jul"
"CATO",0.0217073141523966,FALSE,-0.15353396077497,0.238545495376015,"PDSI","curr.aug"
"CATO",0.0980164587205008,FALSE,-0.133756342853942,0.414584764794708,"PHDI","prev.apr"
"CATO",-4.50624927182276e-05,FALSE,-0.154295309968955,0.141800178817106,"PHDI","prev.may"
"CATO",-0.0988253063349562,FALSE,-0.331767701821288,0.0532676865498182,"PHDI","prev.jun"
"CATO",-0.0868235870733466,FALSE,-0.337719847372252,0.0976712429851017,"PHDI","prev.jul"
"CATO",0.046560919785356,FALSE,-0.13455705270954,0.241672471629434,"PHDI","prev.aug"
"CATO",0.101502485695107,FALSE,-0.0734896351443845,0.324628044971329,"PHDI","prev.sep"
"CATO",0.0448342844892134,FALSE,-0.104788623363089,0.193979771406528,"PHDI","prev.oct"
"CATO",-0.0263039512981373,FALSE,-0.185084983681554,0.1526520946205,"PHDI","prev.nov"
"CATO",-0.0665255041761736,FALSE,-0.207988873781047,0.0825230188343853,"PHDI","prev.dec"
"CATO",-0.100583894943262,FALSE,-0.253025195267822,0.00929631557896479,"PHDI","curr.jan"
"CATO",-0.0903666426412863,FALSE,-0.264166996207338,0.0403330115781578,"PHDI","curr.feb"
"CATO",-0.0752926648699912,FALSE,-0.264024649432828,0.151630963986371,"PHDI","curr.mar"
"CATO",-0.0547858943221771,FALSE,-0.233011927665585,0.161792149344193,"PHDI","curr.apr"
"CATO",0.0233788289443141,FALSE,-0.154453371279654,0.193351161615339,"PHDI","curr.may"
"CATO",0.0875274983128894,FALSE,-0.123029714542849,0.261444932804652,"PHDI","curr.jun"
"CATO",0.104065474882387,FALSE,-0.0170866807401659,0.199188227762123,"PHDI","curr.jul"
"CATO",0.0813166428702295,FALSE,-0.124701357066137,0.335814487696561,"PHDI","curr.aug"
"CATO",-0.013525536808789,FALSE,-0.220845159596827,0.173618947282101,"ZNDX","prev.apr"
"CATO",-0.0872899522308212,FALSE,-0.277234773340914,0.0990069885933184,"ZNDX","prev.may"
"CATO",-0.100152005303589,FALSE,-0.307390585836927,0.10386702524952,"ZNDX","prev.jun"
"CATO",0.0160101680545506,FALSE,-0.191996027466225,0.21407525706576,"ZNDX","prev.jul"
"CATO",0.0448986989266496,FALSE,-0.138038291759938,0.248753699949315,"ZNDX","prev.aug"
"CATO",0.0332497187991959,FALSE,-0.184241386782002,0.258102831462625,"ZNDX","prev.sep"
"CATO",-0.0807955156906445,FALSE,-0.290372154021162,0.119823271471928,"ZNDX","prev.oct"
"CATO",-0.0582388499772927,FALSE,-0.235218849806817,0.169950588309416,"ZNDX","prev.nov"
"CATO",0.0444682941316921,FALSE,-0.173499002266803,0.226132074232163,"ZNDX","prev.dec"
"CATO",-0.24911170778379,TRUE,-0.445959077519756,-0.0445344889552258,"ZNDX","curr.jan"
"CATO",0.0115248387907465,FALSE,-0.249837324463961,0.254255191750222,"ZNDX","curr.feb"
"CATO",0.195070676572327,FALSE,-0.00235721514098865,0.385477526335347,"ZNDX","curr.mar"
"CATO",-0.0202631664429343,FALSE,-0.215503851444255,0.184153551306666,"ZNDX","curr.apr"
"CATO",0.0309426128525095,FALSE,-0.181161429537529,0.236040552665971,"ZNDX","curr.may"
"CATO",0.0971193825942486,FALSE,-0.112885273480587,0.30441116429892,"ZNDX","curr.jun"
"CATO",0.0398934210098804,FALSE,-0.191159483252482,0.20687557973706,"ZNDX","curr.jul"
"CATO",0.0813063074826906,FALSE,-0.102775777206244,0.281358879298008,"ZNDX","curr.aug"
"CATO",0.0999187803626205,FALSE,-0.154432816278685,0.339609855319175,"PMDI","prev.apr"
"CATO",-0.00470660969676063,FALSE,-0.196876556888089,0.204807870448233,"PMDI","prev.may"
"CATO",-0.100366484837026,FALSE,-0.321817288119612,0.0793034812158536,"PMDI","prev.jun"
"CATO",-0.131222985603995,FALSE,-0.365149338304875,0.0811484476242847,"PMDI","prev.jul"
"CATO",0.0404708619895285,FALSE,-0.21096881375594,0.254500355449585,"PMDI","prev.aug"
"CATO",0.137976660285702,FALSE,-0.0626731021888909,0.40963462810141,"PMDI","prev.sep"
"CATO",0.0631174704451688,FALSE,-0.0986424150909276,0.301104930016248,"PMDI","prev.oct"
"CATO",-0.0401182968955604,FALSE,-0.20552086491569,0.164203404878692,"PMDI","prev.nov"
"CATO",-0.0791775374815388,FALSE,-0.209904250445102,0.0675247937194761,"PMDI","prev.dec"
"CATO",-0.119815441310609,FALSE,-0.438621416373602,0.0367358054718895,"PMDI","curr.jan"
"CATO",-0.0594855521429987,FALSE,-0.315337963193281,0.0832037695223201,"PMDI","curr.feb"
"CATO",0.0103277213651367,FALSE,-0.199377763809796,0.270298201384329,"PMDI","curr.mar"
"CATO",0.0326900494530728,FALSE,-0.134202794882282,0.272436069033916,"PMDI","curr.apr"
"CATO",0.0106612522459636,FALSE,-0.26809996319076,0.239692727177749,"PMDI","curr.may"
"CATO",0.0553334674855583,FALSE,-0.15281547568537,0.240358065106261,"PMDI","curr.jun"
"CATO",0.0889803220647178,FALSE,-0.0579719418324002,0.222771629156748,"PMDI","curr.jul"
"CATO",0.049111995087995,FALSE,-0.171635773953715,0.274759166979359,"PMDI","curr.aug"
"CATO",-0.0170109664167867,FALSE,-0.214003064827459,0.16147797050653,"SP01","prev.apr"
"CATO",-0.099835793717052,FALSE,-0.305922268954967,0.087641590656001,"SP01","prev.may"
"CATO",-0.136435453657284,FALSE,-0.331939614009619,0.0580721680371383,"SP01","prev.jun"
"CATO",0.0218863176154423,FALSE,-0.163551367205539,0.234580570914568,"SP01","prev.jul"
"CATO",0.0379253665979998,FALSE,-0.143786254377262,0.23246661404488,"SP01","prev.aug"
"CATO",0.0311813560446462,FALSE,-0.161718970487201,0.211767119939298,"SP01","prev.sep"
"CATO",-0.067473269450791,FALSE,-0.259201809191371,0.129684368602931,"SP01","prev.oct"
"CATO",-0.0650324261001891,FALSE,-0.253147571602363,0.120298140941286,"SP01","prev.nov"
"CATO",-0.00348155090100979,FALSE,-0.236095473429993,0.173703697453909,"SP01","prev.dec"
"CATO",-0.261113394823393,TRUE,-0.451628487872534,-0.0792100316640586,"SP01","curr.jan"
"CATO",0.0189083824158926,FALSE,-0.207343314707491,0.267354475557888,"SP01","curr.feb"
"CATO",0.180596978797388,TRUE,0.0178929970471799,0.370500810533557,"SP01","curr.mar"
"CATO",-0.00133414149181849,FALSE,-0.172868156744282,0.205958906055271,"SP01","curr.apr"
"CATO",0.0318181528399544,FALSE,-0.161690085566122,0.223313347664949,"SP01","curr.may"
"CATO",0.08592201344137,FALSE,-0.109853824118262,0.28306052030874,"SP01","curr.jun"
"CATO",0.00232203580162237,FALSE,-0.185739561023126,0.181988408727595,"SP01","curr.jul"
"CATO",0.0597361280487416,FALSE,-0.132848394330028,0.232162462579255,"SP01","curr.aug"
"CATO",-0.0510423734952916,FALSE,-0.226159239031441,0.133834547036743,"SP02","prev.apr"
"CATO",-0.0390703611698352,FALSE,-0.17980640848022,0.159643313050236,"SP02","prev.may"
"CATO",-0.132772069007455,FALSE,-0.277930283249056,0.00252132210160699,"SP02","prev.jun"
"CATO",-0.055294403586762,FALSE,-0.244820403506727,0.14393789364313,"SP02","prev.jul"
"CATO",0.076671040715522,FALSE,-0.117267009069363,0.310135868377504,"SP02","prev.aug"
"CATO",0.0442436842061792,FALSE,-0.129511980124637,0.206365505957291,"SP02","prev.sep"
"CATO",-0.0414655043199811,FALSE,-0.237040780762327,0.148665585236285,"SP02","prev.oct"
"CATO",-0.0581178533460312,FALSE,-0.219233327069262,0.0969043100346118,"SP02","prev.nov"
"CATO",0.0253326856539334,FALSE,-0.150720442999313,0.210918229569205,"SP02","prev.dec"
"CATO",-0.161592618563764,FALSE,-0.315393409216461,0.0392403194961725,"SP02","curr.jan"
"CATO",-0.211819173325792,TRUE,-0.414399083855047,-0.0300074935033163,"SP02","curr.feb"
"CATO",0.198653372159455,TRUE,0.0358550028830242,0.379951624359138,"SP02","curr.mar"
"CATO",0.153108970985118,FALSE,-0.0356353217059304,0.333267713480907,"SP02","curr.apr"
"CATO",-0.0355994517086948,FALSE,-0.219831095038585,0.128475966494201,"SP02","curr.may"
"CATO",0.0665557949866465,FALSE,-0.125776478539123,0.253880307056063,"SP02","curr.jun"
"CATO",0.0957332030214449,FALSE,-0.12783349739505,0.289606414837098,"SP02","curr.jul"
"CATO",0.0287871664937636,FALSE,-0.147909023688623,0.232843926900065,"SP02","curr.aug"
"CATO",0.0668104896861747,FALSE,-0.118172944984663,0.257562712423219,"SP03","prev.apr"
"CATO",-0.095313042989573,FALSE,-0.31425853894983,0.126611032516715,"SP03","prev.may"
"CATO",-0.0797837377365792,FALSE,-0.306218143437514,0.0895597607679937,"SP03","prev.jun"
"CATO",-0.0819462303710965,FALSE,-0.251769505164537,0.103229563996275,"SP03","prev.jul"
"CATO",0.0460927441089707,FALSE,-0.173611217020497,0.250209541090702,"SP03","prev.aug"
"CATO",0.0952488792312173,FALSE,-0.114100122552657,0.327818927496979,"SP03","prev.sep"
"CATO",-0.0093764257812085,FALSE,-0.224880873360645,0.181639171072582,"SP03","prev.oct"
"CATO",-0.0150967536131239,FALSE,-0.208193165094019,0.149807815912734,"SP03","prev.nov"
"CATO",-0.05450590307166,FALSE,-0.262439363983508,0.132127056473856,"SP03","prev.dec"
"CATO",-0.078435721294367,FALSE,-0.269591012137491,0.146174506299323,"SP03","curr.jan"
"CATO",-0.151015945536985,FALSE,-0.351613097692658,0.0519244461894917,"SP03","curr.feb"
"CATO",-0.0092770491970436,FALSE,-0.192013998509841,0.158043203615808,"SP03","curr.mar"
"CATO",0.155001745820534,FALSE,-0.0461453639214027,0.365472975339594,"SP03","curr.apr"
"CATO",0.126701380590022,FALSE,-0.0885195423592935,0.369736302891877,"SP03","curr.may"
"CATO",-0.066477546311891,FALSE,-0.253082350892395,0.111892300953409,"SP03","curr.jun"
"CATO",-0.0254348786019287,FALSE,-0.200337095979589,0.131519516700862,"SP03","curr.jul"
"CATO",0.200260811185702,FALSE,-0.0323344241942277,0.418013087493148,"SP03","curr.aug"
"CATO",0.0786800774841018,FALSE,-0.1462335293011,0.329175189035932,"SP06","prev.apr"
"CATO",-0.0319248524190814,FALSE,-0.199811790553462,0.10591436462827,"SP06","prev.may"
"CATO",-0.0712719063139255,FALSE,-0.252719274568462,0.104030951820266,"SP06","prev.jun"
"CATO",-0.0400930023663395,FALSE,-0.236711294989476,0.167293975365025,"SP06","prev.jul"
"CATO",0.00973076509971843,FALSE,-0.251568625663183,0.241924043621484,"SP06","prev.aug"
"CATO",0.00396955946974543,FALSE,-0.155606613104791,0.225097241568266,"SP06","prev.sep"
"CATO",-0.0546697236236159,FALSE,-0.229297057941896,0.0813532462553718,"SP06","prev.oct"
"CATO",0.0171174697438361,FALSE,-0.0985805807283839,0.185932582066377,"SP06","prev.nov"
"CATO",0.0535496962934104,FALSE,-0.0633440544508509,0.207488452988439,"SP06","prev.dec"
"CATO",-0.0191389168361711,FALSE,-0.208431625489467,0.131299944497859,"SP06","curr.jan"
"CATO",-0.0880253729958183,FALSE,-0.270313411405267,0.073587909419786,"SP06","curr.feb"
"CATO",-0.0730615079981642,FALSE,-0.349820794699568,0.142704227461807,"SP06","curr.mar"
"CATO",-0.0125537945601266,FALSE,-0.203873187200165,0.28410905040306,"SP06","curr.apr"
"CATO",-0.0284150614920279,FALSE,-0.189656595326439,0.114927843545344,"SP06","curr.may"
"CATO",-0.0549891633392975,FALSE,-0.268126739349734,0.126420045713474,"SP06","curr.jun"
"CATO",0.0680675287527286,FALSE,-0.102362166360522,0.214349524887168,"SP06","curr.jul"
"CATO",0.181504995916494,FALSE,-0.0536886833153456,0.416011462997606,"SP06","curr.aug"
"CATO",-0.0185049166825522,FALSE,-0.226652030137537,0.169848988229219,"SP09","prev.apr"
"CATO",0.00312850127728568,FALSE,-0.11972470255845,0.171336896303246,"SP09","prev.may"
"CATO",-0.0596251478803263,FALSE,-0.334831041343515,0.124072964318967,"SP09","prev.jun"
"CATO",-0.0492497442988649,FALSE,-0.31263620272107,0.12128463759643,"SP09","prev.jul"
"CATO",0.0379781689546802,FALSE,-0.134766358994986,0.201456617199344,"SP09","prev.aug"
"CATO",0.102859674108519,FALSE,-0.0417336393079056,0.312948283996065,"SP09","prev.sep"
"CATO",0.0441149841385221,FALSE,-0.0925787070763672,0.246028793449824,"SP09","prev.oct"
"CATO",-0.0321477671698119,FALSE,-0.138345150064996,0.0952227149851177,"SP09","prev.nov"
"CATO",-0.0543871847070946,FALSE,-0.224599206465498,0.109267619480963,"SP09","prev.dec"
"CATO",-0.0813760091281858,FALSE,-0.295180005802681,0.0724693065373893,"SP09","curr.jan"
"CATO",-0.0643731881709136,FALSE,-0.269258309645258,0.0859506728324718,"SP09","curr.feb"
"CATO",0.00823601393700699,FALSE,-0.162284793370972,0.182066950791528,"SP09","curr.mar"
"CATO",0.0120846643878401,FALSE,-0.16413724728846,0.221261048388702,"SP09","curr.apr"
"CATO",-0.0168787842927743,FALSE,-0.213172812576568,0.194867627901442,"SP09","curr.may"
"CATO",-0.0760502096358684,FALSE,-0.296657751754715,0.146327037497952,"SP09","curr.jun"
"CATO",0.0359063227378582,FALSE,-0.119701350971762,0.169810067895701,"SP09","curr.jul"
"CATO",0.127500993044042,FALSE,-0.06687405418098,0.368020803290112,"SP09","curr.aug"
"CATO",-0.0956910834610299,FALSE,-0.327727003220651,0.111117068548623,"SP12","prev.apr"
"CATO",-0.0605551878092874,FALSE,-0.206877807643356,0.0558863627233352,"SP12","prev.may"
"CATO",-0.0363311037380241,FALSE,-0.195297506336119,0.159428480558729,"SP12","prev.jun"
"CATO",-0.0170775208000227,FALSE,-0.163071682605114,0.176477905590642,"SP12","prev.jul"
"CATO",0.0972496437437516,FALSE,-0.0756888377162406,0.280112286698863,"SP12","prev.aug"
"CATO",0.156392484048121,FALSE,-0.0507727129917905,0.373332522359354,"SP12","prev.sep"
"CATO",0.0609014863686881,FALSE,-0.135916057674581,0.262469944492676,"SP12","prev.oct"
"CATO",-0.0120765246640385,FALSE,-0.15794725887671,0.154240989916431,"SP12","prev.nov"
"CATO",-0.0420343464335196,FALSE,-0.175004246963003,0.0870957001294037,"SP12","prev.dec"
"CATO",-0.0894576726570597,FALSE,-0.195003749663008,0.0017012448872562,"SP12","curr.jan"
"CATO",-0.106168883847818,FALSE,-0.254335896174791,-0.0124375460330365,"SP12","curr.feb"
"CATO",-0.108483259893232,FALSE,-0.275459347520621,0.0556993001435561,"SP12","curr.mar"
"CATO",-0.0884764363583816,FALSE,-0.288324233254072,0.100152285885422,"SP12","curr.apr"
"CATO",-0.0178843579204522,FALSE,-0.188387120007832,0.143099896287523,"SP12","curr.may"
"CATO",0.0453649934784082,FALSE,-0.153654398219925,0.204754513322481,"SP12","curr.jun"
"CATO",0.104115857125718,FALSE,-0.0668595351540537,0.233641769466625,"SP12","curr.jul"
"CATO",0.108558487089805,FALSE,-0.149244378107275,0.406089647208106,"SP12","curr.aug"
"CATO",0.0483174581496895,FALSE,-0.124852969409047,0.309926237253141,"SP24","prev.apr"
"CATO",0.0618079445136831,FALSE,-0.0351346933204485,0.208221712687299,"SP24","prev.may"
"CATO",0.0323420057213961,FALSE,-0.0920259600331112,0.109323384220483,"SP24","prev.jun"
"CATO",0.0277544159597872,FALSE,-0.168920561722162,0.106318220985957,"SP24","prev.jul"
"CATO",0.0481334281765319,FALSE,-0.239232434902192,0.20466165904462,"SP24","prev.aug"
"CATO",0.0258981738895592,FALSE,-0.228651364740704,0.229123953021134,"SP24","prev.sep"
"CATO",0.00773163252902845,FALSE,-0.155162072893947,0.183516548687046,"SP24","prev.oct"
"CATO",-0.0271325965928705,FALSE,-0.145608261141128,0.155750112243709,"SP24","prev.nov"
"CATO",-0.0388572049369888,FALSE,-0.142717895131401,0.186184768108621,"SP24","prev.dec"
"CATO",-0.0664263962743933,FALSE,-0.170041567179018,0.0555729199558736,"SP24","curr.jan"
"CATO",-0.0779613516349768,FALSE,-0.179271693671417,0.0231640758722172,"SP24","curr.feb"
"CATO",-0.0951109830463451,FALSE,-0.219748433926398,0.0363219082498569,"SP24","curr.mar"
"CATO",-0.113949413935656,FALSE,-0.287128797170258,0.0591590514795612,"SP24","curr.apr"
"CATO",-0.0676994572162839,FALSE,-0.261222773778915,0.0614643334899908,"SP24","curr.may"
"CATO",-0.00771245006528287,FALSE,-0.182835602433632,0.104547841723309,"SP24","curr.jun"
"CATO",0.0569470390971103,FALSE,-0.0786942814059647,0.174695122874211,"SP24","curr.jul"
"CATO",0.151409167982228,FALSE,-0.0672927431647296,0.469972771960937,"SP24","curr.aug"
"CATO",0.00520597141790352,FALSE,-0.167307896318211,0.174081188680788,"TMIN","prev.apr"
"CATO",0.00968024026701729,FALSE,-0.164002542891067,0.207134356430428,"TMIN","prev.may"
"CATO",-0.0672953529931403,FALSE,-0.251598680536164,0.134374254875596,"TMIN","prev.jun"
"CATO",0.00125341864059729,FALSE,-0.21218240724767,0.200499844549786,"TMIN","prev.jul"
"CATO",0.0282916111079709,FALSE,-0.154470488506633,0.245704118224131,"TMIN","prev.aug"
"CATO",0.0631436959406111,FALSE,-0.114980570159113,0.234890071557728,"TMIN","prev.sep"
"CATO",-0.0425136778340942,FALSE,-0.220864572325544,0.135646609217596,"TMIN","prev.oct"
"CATO",-0.0590703536859136,FALSE,-0.288385492772258,0.151681670117763,"TMIN","prev.nov"
"CATO",0.114244272886414,FALSE,-0.0397866455314299,0.270327424308816,"TMIN","prev.dec"
"CATO",-0.0611424778318881,FALSE,-0.266061019156454,0.150035693225815,"TMIN","curr.jan"
"CATO",-0.101346260304777,FALSE,-0.294240892054,0.0860995978000779,"TMIN","curr.feb"
"CATO",-0.0657270771249277,FALSE,-0.243458094750317,0.127803325502849,"TMIN","curr.mar"
"CATO",0.0705856811983234,FALSE,-0.106214424350447,0.238515705195117,"TMIN","curr.apr"
"CATO",-0.00781500572137096,FALSE,-0.191484040212868,0.161542451187061,"TMIN","curr.may"
"CATO",-0.157822156342242,FALSE,-0.344684738053987,0.0498393791433489,"TMIN","curr.jun"
"CATO",-0.0281065169485748,FALSE,-0.23184842769781,0.190139522327703,"TMIN","curr.jul"
"CATO",-0.176323712190587,FALSE,-0.370936361593535,-0.00489898078566343,"TMIN","curr.aug"
"CATO",-0.0108416849449015,FALSE,-0.202230469730245,0.185989174134971,"TMAX","prev.apr"
"CATO",0.0692422654426606,FALSE,-0.121022829243197,0.260059713859043,"TMAX","prev.may"
"CATO",-0.086339948375758,FALSE,-0.261614897037086,0.0795098002129318,"TMAX","prev.jun"
"CATO",0.0114347564510617,FALSE,-0.176061216110459,0.249449190179901,"TMAX","prev.jul"
"CATO",-0.0728254580894311,FALSE,-0.267602669938722,0.126483176907479,"TMAX","prev.aug"
"CATO",0.0439525299346958,FALSE,-0.172879947862884,0.204611485808566,"TMAX","prev.sep"
"CATO",0.00436098009242875,FALSE,-0.198071497965707,0.220380598097329,"TMAX","prev.oct"
"CATO",-0.114241894577336,FALSE,-0.336295066606679,0.0989113035304661,"TMAX","prev.nov"
"CATO",0.0543997733052873,FALSE,-0.0951814863231868,0.237274791228649,"TMAX","prev.dec"
"CATO",0.00306545918725362,FALSE,-0.19338885250318,0.227981030109816,"TMAX","curr.jan"
"CATO",-0.0930949372392939,FALSE,-0.312219143232175,0.130775875415653,"TMAX","curr.feb"
"CATO",-0.125340456664255,FALSE,-0.31569157047149,0.0693905882407475,"TMAX","curr.mar"
"CATO",0.114549682550094,FALSE,-0.0736707199413192,0.306969798553638,"TMAX","curr.apr"
"CATO",-0.0054590723686922,FALSE,-0.181877828753616,0.202174531155058,"TMAX","curr.may"
"CATO",-0.159886943253589,FALSE,-0.390904943494941,0.0576926495714488,"TMAX","curr.jun"
"CATO",-0.0446778600191418,FALSE,-0.220586958534936,0.16311877506319,"TMAX","curr.jul"
"CATO",-0.142806157577888,FALSE,-0.327833518213789,0.0444909264666075,"TMAX","curr.aug"
"CATO",0.0154133269084298,FALSE,-0.158907920740897,0.17999168515543,"PDSI_prewhiten","prev.apr"
"CATO",-0.10910000193807,FALSE,-0.296166539450348,0.0652491861733197,"PDSI_prewhiten","prev.may"
"CATO",-0.066233357616656,FALSE,-0.262952991376319,0.109891425152843,"PDSI_prewhiten","prev.jun"
"CATO",0.162989186991524,FALSE,-0.0129531259461331,0.352287319159865,"PDSI_prewhiten","prev.jul"
"CATO",-0.0244319300340888,FALSE,-0.179286073455696,0.155267970917019,"PDSI_prewhiten","prev.aug"
"CATO",0.123873560295816,FALSE,-0.107266007064223,0.308289023292923,"PDSI_prewhiten","prev.sep"
"CATO",-0.108115820940406,FALSE,-0.302146140617826,0.0899744561644039,"PDSI_prewhiten","prev.oct"
"CATO",-0.125340265590638,FALSE,-0.315690083772588,0.0947959532000075,"PDSI_prewhiten","prev.nov"
"CATO",-0.0257849952689791,FALSE,-0.23765216644203,0.158506735551382,"PDSI_prewhiten","prev.dec"
"CATO",-0.191062485432389,TRUE,-0.35073849612615,-0.0388897666831502,"PDSI_prewhiten","curr.jan"
"CATO",0.145869350891266,FALSE,-0.0713566318675009,0.344581523706517,"PDSI_prewhiten","curr.feb"
"CATO",0.241973900658663,TRUE,0.0567156030980495,0.421286927228452,"PDSI_prewhiten","curr.mar"
"CATO",-0.0715877375570176,FALSE,-0.22224853165843,0.102932219173466,"PDSI_prewhiten","curr.apr"
"CATO",-0.033809405220872,FALSE,-0.203878867253136,0.160945529622881,"PDSI_prewhiten","curr.may"
"CATO",0.0725575361165124,FALSE,-0.141962675783385,0.257454210793994,"PDSI_prewhiten","curr.jun"
"CATO",-0.0149342997664204,FALSE,-0.18873759616014,0.156113213079345,"PDSI_prewhiten","curr.jul"
"CATO",0.131369024612783,FALSE,-0.0385546820433953,0.330633001802465,"PDSI_prewhiten","curr.aug"
"CATO",0.0520086586350147,FALSE,-0.162171661527983,0.241060149553405,"PHDI_prewhiten","prev.apr"
"CATO",-0.0883605143235708,FALSE,-0.258967550871635,0.0885706931477483,"PHDI_prewhiten","prev.may"
"CATO",-0.127139621500666,FALSE,-0.312890199987602,0.079273360178993,"PHDI_prewhiten","prev.jun"
"CATO",0.0448259858555128,FALSE,-0.147939466779101,0.251770919609337,"PHDI_prewhiten","prev.jul"
"CATO",0.072369018896702,FALSE,-0.109550378602994,0.274832729968476,"PHDI_prewhiten","prev.aug"
"CATO",0.0165209276548029,FALSE,-0.187939532350199,0.237216569128251,"PHDI_prewhiten","prev.sep"
"CATO",-0.120340032420581,FALSE,-0.29662826321981,0.0633719865310728,"PHDI_prewhiten","prev.oct"
"CATO",-0.0483584267779935,FALSE,-0.223732713079271,0.137759142958553,"PHDI_prewhiten","prev.nov"
"CATO",-0.0455313739138113,FALSE,-0.254014960894557,0.141576359221389,"PHDI_prewhiten","prev.dec"
"CATO",-0.207354929157139,TRUE,-0.385930480829783,-0.0169681950035056,"PHDI_prewhiten","curr.jan"
"CATO",0.0689737504288644,FALSE,-0.182627697504864,0.316213059338354,"PHDI_prewhiten","curr.feb"
"CATO",0.106860890567509,FALSE,-0.0493816718506287,0.285815973477624,"PHDI_prewhiten","curr.mar"
"CATO",0.0589792206707173,FALSE,-0.132481864709606,0.256465031947992,"PHDI_prewhiten","curr.apr"
"CATO",0.0166874551356153,FALSE,-0.177447902114871,0.186464740803182,"PHDI_prewhiten","curr.may"
"CATO",0.090839470181335,FALSE,-0.0956897802131146,0.266155047105449,"PHDI_prewhiten","curr.jun"
"CATO",-0.0124069067224026,FALSE,-0.204342041429594,0.167692123292755,"PHDI_prewhiten","curr.jul"
"CATO",0.16012910591863,FALSE,-0.0292767288261913,0.314523194065842,"PHDI_prewhiten","curr.aug"
"CATO",0.023145471819337,FALSE,-0.176442830496747,0.22191194939557,"PMDI_prewhiten","prev.apr"
"CATO",-0.0778274687576524,FALSE,-0.274974453886683,0.106948929788746,"PMDI_prewhiten","prev.may"
"CATO",-0.127927658046103,FALSE,-0.333167817404407,0.0655154724911097,"PMDI_prewhiten","prev.jun"
"CATO",0.0194875361349241,FALSE,-0.164860280940211,0.251719927613821,"PMDI_prewhiten","prev.jul"
"CATO",0.0823528870121958,FALSE,-0.100098942665519,0.279754148118706,"PMDI_prewhiten","prev.aug"
"CATO",0.033537891332421,FALSE,-0.195701380479636,0.23313285829312,"PMDI_prewhiten","prev.sep"
"CATO",-0.0872365195273748,FALSE,-0.2852985082922,0.091552781384644,"PMDI_prewhiten","prev.oct"
"CATO",-0.0572452005328817,FALSE,-0.241902512638756,0.165358425545675,"PMDI_prewhiten","prev.nov"
"CATO",0.0457501060985616,FALSE,-0.15903124537484,0.246034153554455,"PMDI_prewhiten","prev.dec"
"CATO",-0.229732284389201,TRUE,-0.426145576108533,-0.0274705422309902,"PMDI_prewhiten","curr.jan"
"CATO",0.0630024698479948,FALSE,-0.178188038417991,0.278440862282162,"PMDI_prewhiten","curr.feb"
"CATO",0.186096312047605,TRUE,0.01995251206345,0.38264025751733,"PMDI_prewhiten","curr.mar"
"CATO",7.97645633208383e-05,FALSE,-0.175400661775975,0.219739895395607,"PMDI_prewhiten","curr.apr"
"CATO",0.0211210443873002,FALSE,-0.176309424378101,0.199728627418696,"PMDI_prewhiten","curr.may"
"CATO",0.0935975235197374,FALSE,-0.112447408047396,0.27108755925657,"PMDI_prewhiten","curr.jun"
"CATO",0.0125614201764998,FALSE,-0.179814252885828,0.210895973632314,"PMDI_prewhiten","curr.jul"
"CATO",0.0445704135656557,FALSE,-0.13597659262933,0.247813527765608,"PMDI_prewhiten","curr.aug"
"FAGR",0.00555710317742599,FALSE,-0.175764960492046,0.195264624685453,"PCP","prev.apr"
"FAGR",-0.0951372465513679,FALSE,-0.28573985311569,0.0864767751268488,"PCP","prev.may"
"FAGR",-0.0268380057366808,FALSE,-0.219120481797534,0.179482538786055,"PCP","prev.jun"
"FAGR",0.0519953035342273,FALSE,-0.131659352957076,0.245109536346493,"PCP","prev.jul"
"FAGR",0.0258722455497021,FALSE,-0.175527473080019,0.22664089732892,"PCP","prev.aug"
"FAGR",0.350419123263404,TRUE,0.101670030261822,0.539886598261477,"PCP","prev.sep"
"FAGR",0.0575387779287144,FALSE,-0.131352441996199,0.303611222845074,"PCP","prev.oct"
"FAGR",0.0607892640080447,FALSE,-0.130532603081303,0.228442456671224,"PCP","prev.nov"
"FAGR",-0.0442885942808315,FALSE,-0.255971945318013,0.148971696611085,"PCP","prev.dec"
"FAGR",-0.160658036459749,FALSE,-0.316268462309957,0.0285706328472147,"PCP","curr.jan"
"FAGR",0.0598807033769519,FALSE,-0.116630696337109,0.238429903055825,"PCP","curr.feb"
"FAGR",-0.0419864805442141,FALSE,-0.227953764773831,0.185566796358122,"PCP","curr.mar"
"FAGR",-0.0308306310719982,FALSE,-0.208723001440664,0.174920792369669,"PCP","curr.apr"
"FAGR",0.0809085289043748,FALSE,-0.103212473559118,0.26346983845178,"PCP","curr.may"
"FAGR",0.0988052720001193,FALSE,-0.108707289437439,0.304054758387175,"PCP","curr.jun"
"FAGR",0.315553575716723,TRUE,0.119926279796811,0.489296826917376,"PCP","curr.jul"
"FAGR",0.211388950108818,TRUE,0.0428271334940795,0.388370123516122,"PCP","curr.aug"
"FAGR",0.0761407746468508,FALSE,-0.0732276170925096,0.289253706658081,"TAVG","prev.apr"
"FAGR",-0.0516070178961575,FALSE,-0.253866125079228,0.13457972866125,"TAVG","prev.may"
"FAGR",0.0022127791161441,FALSE,-0.210821560047473,0.247614244566405,"TAVG","prev.jun"
"FAGR",0.120007705088888,FALSE,-0.0590278361806085,0.318034265941637,"TAVG","prev.jul"
"FAGR",0.0407479759880706,FALSE,-0.153756179583283,0.212995735162566,"TAVG","prev.aug"
"FAGR",-0.111057610785985,FALSE,-0.290702938166049,0.0688760449092403,"TAVG","prev.sep"
"FAGR",-0.111911277202479,FALSE,-0.297977343682443,0.0741063343900353,"TAVG","prev.oct"
"FAGR",-0.00966107177887893,FALSE,-0.20550878881277,0.178946290307052,"TAVG","prev.nov"
"FAGR",-0.0712053610472102,FALSE,-0.243504336083739,0.106913499557273,"TAVG","prev.dec"
"FAGR",-0.0622593787656282,FALSE,-0.239683818906903,0.115351366117531,"TAVG","curr.jan"
"FAGR",-0.0578339943538378,FALSE,-0.238920817065707,0.156840378897443,"TAVG","curr.feb"
"FAGR",-0.0263910520052213,FALSE,-0.225739326271903,0.163125092499743,"TAVG","curr.mar"
"FAGR",0.229268693862282,TRUE,0.0423573879251041,0.393927994972296,"TAVG","curr.apr"
"FAGR",-0.179570001036252,FALSE,-0.352044283259742,0.00833614068439146,"TAVG","curr.may"
"FAGR",-0.144069749715648,FALSE,-0.324947296878411,0.0577001624867703,"TAVG","curr.jun"
"FAGR",-0.223133788811537,TRUE,-0.411155712687698,-0.0412839292227735,"TAVG","curr.jul"
"FAGR",-0.117146988567992,FALSE,-0.327774799762308,0.0845321854506055,"TAVG","curr.aug"
"FAGR",0.0137392275720428,FALSE,-0.21797977681418,0.308771778107105,"PDSI","prev.apr"
"FAGR",-0.0272808763028206,FALSE,-0.205189113029453,0.124771829956531,"PDSI","prev.may"
"FAGR",-0.0672056772672805,FALSE,-0.282946195324452,0.160227831297707,"PDSI","prev.jun"
"FAGR",-0.11950094619801,FALSE,-0.277506571781321,0.028885975007575,"PDSI","prev.jul"
"FAGR",-0.0675484714754428,FALSE,-0.259712696828593,0.138193830951256,"PDSI","prev.aug"
"FAGR",0.218723579010547,FALSE,-0.0452182574045207,0.544306001171765,"PDSI","prev.sep"
"FAGR",0.196129127416625,FALSE,-0.0431284805889432,0.421879360113884,"PDSI","prev.oct"
"FAGR",0.125023454126478,FALSE,-0.0803576665939039,0.359434901699637,"PDSI","prev.nov"
"FAGR",-0.00513049123358157,FALSE,-0.278267660606604,0.14443539037058,"PDSI","prev.dec"
"FAGR",-0.0658655736770756,FALSE,-0.293713049510393,0.133751752543022,"PDSI","curr.jan"
"FAGR",-0.0924275840668819,FALSE,-0.216567024075646,0.0607413719905039,"PDSI","curr.feb"
"FAGR",-0.0478830811988513,FALSE,-0.191197169481209,0.239763062793066,"PDSI","curr.mar"
"FAGR",-0.119423516266397,FALSE,-0.308135969831341,0.13218346635047,"PDSI","curr.apr"
"FAGR",-0.063482651475267,FALSE,-0.30360747663715,0.146454820122393,"PDSI","curr.may"
"FAGR",0.0156695824599289,FALSE,-0.251110148608178,0.212544402745082,"PDSI","curr.jun"
"FAGR",0.249623691856082,TRUE,0.12069827784531,0.360311977667688,"PDSI","curr.jul"
"FAGR",0.302972080279816,TRUE,0.106484775690782,0.496684984348235,"PDSI","curr.aug"
"FAGR",-0.0482892717434809,FALSE,-0.27258874605589,0.209440520216638,"PHDI","prev.apr"
"FAGR",-0.0628733741784054,FALSE,-0.210982044276042,0.0852140768013884,"PHDI","prev.may"
"FAGR",-0.0903788595382686,FALSE,-0.283779762138138,0.143235796334198,"PHDI","prev.jun"
"FAGR",-0.0862313820741008,FALSE,-0.343716290893625,0.139602526577189,"PHDI","prev.jul"
"FAGR",-0.0237293283618707,FALSE,-0.208225475495954,0.146877719443537,"PHDI","prev.aug"
"FAGR",0.0236590660782977,FALSE,-0.154708045398074,0.298598446370038,"PHDI","prev.sep"
"FAGR",0.0630300379901123,FALSE,-0.106206441287473,0.237191908400706,"PHDI","prev.oct"
"FAGR",0.0733270469035183,FALSE,-0.08219671299025,0.236646552842846,"PHDI","prev.nov"
"FAGR",0.093973674928129,FALSE,-0.0463579774041133,0.237945866096378,"PHDI","prev.dec"
"FAGR",0.0752155339794346,FALSE,-0.0809855158601025,0.193285398367938,"PHDI","curr.jan"
"FAGR",0.0708876080600834,FALSE,-0.113662480952559,0.218284738085131,"PHDI","curr.feb"
"FAGR",-0.0202646632053648,FALSE,-0.197539429971745,0.214401887484095,"PHDI","curr.mar"
"FAGR",-0.200524895254401,TRUE,-0.384279863850325,-0.0118834703227682,"PHDI","curr.apr"
"FAGR",-0.15501401543407,FALSE,-0.359190827353507,0.0540269158018843,"PHDI","curr.may"
"FAGR",-0.0714818974398992,FALSE,-0.333774935249143,0.139952469001959,"PHDI","curr.jun"
"FAGR",0.175768156699003,TRUE,0.00369126826765069,0.333221549285866,"PHDI","curr.jul"
"FAGR",0.408397502928782,TRUE,0.147129351632041,0.679831115558419,"PHDI","curr.aug"
"FAGR",0.00537882643653224,FALSE,-0.168261478031916,0.176950038376342,"ZNDX","prev.apr"
"FAGR",-0.0891530718671844,FALSE,-0.283542881089623,0.0781641398370184,"ZNDX","prev.may"
"FAGR",-0.0371345861890774,FALSE,-0.225366410191044,0.165593783959387,"ZNDX","prev.jun"
"FAGR",0.00185366658603344,FALSE,-0.170998284109291,0.171380978634504,"ZNDX","prev.jul"
"FAGR",-0.00565432429849789,FALSE,-0.188218356331048,0.174604711176566,"ZNDX","prev.aug"
"FAGR",0.317896894888702,TRUE,0.0964424114783082,0.528931480625543,"ZNDX","prev.sep"
"FAGR",0.0704201141936773,FALSE,-0.133743146822599,0.37074484715391,"ZNDX","prev.oct"
"FAGR",0.100542187624822,FALSE,-0.0661987713003574,0.264345293908803,"ZNDX","prev.nov"
"FAGR",0.0118938431056635,FALSE,-0.205401101221345,0.195487444565942,"ZNDX","prev.dec"
"FAGR",-0.136633197791096,FALSE,-0.294667242832935,0.0373378347414453,"ZNDX","curr.jan"
"FAGR",0.0678547530865828,FALSE,-0.104370034007312,0.230929463045348,"ZNDX","curr.feb"
"FAGR",-0.0357083235194214,FALSE,-0.234780065264914,0.183867299861672,"ZNDX","curr.mar"
"FAGR",-0.0602530950992998,FALSE,-0.236868960623371,0.11389671839374,"ZNDX","curr.apr"
"FAGR",0.0685385546405264,FALSE,-0.134465994218042,0.242587258899679,"ZNDX","curr.may"
"FAGR",0.0485613738877494,FALSE,-0.121405969347727,0.213982922670806,"ZNDX","curr.jun"
"FAGR",0.319648428312124,TRUE,0.149478051780715,0.459288519635752,"ZNDX","curr.jul"
"FAGR",0.210045161183895,TRUE,0.0289776822430653,0.373270137039226,"ZNDX","curr.aug"
"FAGR",-0.0593023297577523,FALSE,-0.25175111470909,0.150473584556664,"PMDI","prev.apr"
"FAGR",-0.0360090941268292,FALSE,-0.202374371378353,0.121280589071681,"PMDI","prev.may"
"FAGR",-0.0332892007598866,FALSE,-0.222712825339181,0.177773238406373,"PMDI","prev.jun"
"FAGR",-0.11350822859561,FALSE,-0.301615770303653,0.0839959634312,"PMDI","prev.jul"
"FAGR",-0.0659121875950589,FALSE,-0.286779739309952,0.11493634480311,"PMDI","prev.aug"
"FAGR",0.0994647235928286,FALSE,-0.0807561570603597,0.368698437752449,"PMDI","prev.sep"
"FAGR",0.145368086654455,FALSE,-0.0255475362471327,0.349781946994045,"PMDI","prev.oct"
"FAGR",0.116372160990777,FALSE,-0.0213870594905203,0.297545434830732,"PMDI","prev.nov"
"FAGR",0.0827481407050369,FALSE,-0.065432867244915,0.209465646488594,"PMDI","prev.dec"
"FAGR",-0.0185525650657416,FALSE,-0.32117409627412,0.140241931571946,"PMDI","curr.jan"
"FAGR",0.0055909287097008,FALSE,-0.226515588067013,0.157102658182976,"PMDI","curr.feb"
"FAGR",0.013838861394205,FALSE,-0.185037952176334,0.243364500009318,"PMDI","curr.mar"
"FAGR",-0.09728392271698,FALSE,-0.2386250296341,0.11799108134325,"PMDI","curr.apr"
"FAGR",-0.117931027086789,FALSE,-0.343797827741324,0.162873199100075,"PMDI","curr.may"
"FAGR",-0.112007173816174,FALSE,-0.35919519953753,0.108847456522002,"PMDI","curr.jun"
"FAGR",0.19764427690536,TRUE,0.0688775464222067,0.322707301752652,"PMDI","curr.jul"
"FAGR",0.378814992286587,TRUE,0.105928605292766,0.619411942828917,"PMDI","curr.aug"
"FAGR",0.0271580572142136,FALSE,-0.151638906010737,0.208316665839001,"SP01","prev.apr"
"FAGR",-0.114479626643009,FALSE,-0.308338193185724,0.0802250282069935,"SP01","prev.may"
"FAGR",-0.0234233889402401,FALSE,-0.23391878852313,0.196521468913177,"SP01","prev.jun"
"FAGR",0.044290406385612,FALSE,-0.126915366097432,0.243442466582335,"SP01","prev.jul"
"FAGR",0.0184931639911324,FALSE,-0.189435412515946,0.216974156305349,"SP01","prev.aug"
"FAGR",0.309053503638017,TRUE,0.0766409730535529,0.491872507218139,"SP01","prev.sep"
"FAGR",0.115761807366287,FALSE,-0.0899230840795388,0.34733680981422,"SP01","prev.oct"
"FAGR",0.0746173743603582,FALSE,-0.134708931323507,0.25385578136762,"SP01","prev.nov"
"FAGR",-0.0493364441345371,FALSE,-0.279149701520806,0.139954728493,"SP01","prev.dec"
"FAGR",-0.163229686604347,FALSE,-0.31893774492666,0.0334900463536241,"SP01","curr.jan"
"FAGR",0.0208595486840211,FALSE,-0.180516295539097,0.208819461329268,"SP01","curr.feb"
"FAGR",-0.0440337169891144,FALSE,-0.220898183554757,0.164737060300676,"SP01","curr.mar"
"FAGR",-0.0532048553530357,FALSE,-0.26978480969892,0.15561527782336,"SP01","curr.apr"
"FAGR",0.0699437070982481,FALSE,-0.1207990738228,0.247468148803289,"SP01","curr.may"
"FAGR",0.133905261520436,FALSE,-0.0835989058469265,0.346782003652733,"SP01","curr.jun"
"FAGR",0.306413910852885,TRUE,0.0912408047971063,0.473873545107489,"SP01","curr.jul"
"FAGR",0.231013859274712,TRUE,0.0505743598076282,0.410797223244404,"SP01","curr.aug"
"FAGR",-0.00762040233138855,FALSE,-0.19917629005063,0.179111905418648,"SP02","prev.apr"
"FAGR",-0.0864041487420194,FALSE,-0.260677559129849,0.0862974145769627,"SP02","prev.may"
"FAGR",-0.0790146987641918,FALSE,-0.223328634107063,0.0579124176154578,"SP02","prev.jun"
"FAGR",0.00544441739428881,FALSE,-0.156613882177336,0.197217902953281,"SP02","prev.jul"
"FAGR",0.00199712967378732,FALSE,-0.219152228190872,0.160127206165954,"SP02","prev.aug"
"FAGR",0.177974158289021,TRUE,0.0135769830808712,0.334971956959959,"SP02","prev.sep"
"FAGR",0.220405593126985,TRUE,0.0364429480436078,0.38854862986953,"SP02","prev.oct"
"FAGR",0.0633786153608604,FALSE,-0.124688019265496,0.206658340281396,"SP02","prev.nov"
"FAGR",-0.00912450672591884,FALSE,-0.209145659282752,0.195476126969488,"SP02","prev.dec"
"FAGR",-0.161984959061849,FALSE,-0.350747718843969,0.0190169037865479,"SP02","curr.jan"
"FAGR",-0.0741667470838831,FALSE,-0.228254227145874,0.112090201978686,"SP02","curr.feb"
"FAGR",0.0713081676562505,FALSE,-0.0760328625523281,0.239320012787578,"SP02","curr.mar"
"FAGR",0.0231128998393865,FALSE,-0.182053687403949,0.174930751497029,"SP02","curr.apr"
"FAGR",0.0725774493146357,FALSE,-0.129022595125249,0.24258742426584,"SP02","curr.may"
"FAGR",0.0374918502504718,FALSE,-0.112155400084397,0.227727007697762,"SP02","curr.jun"
"FAGR",0.210299602733484,FALSE,-9.75926908142466e-05,0.393736857479799,"SP02","curr.jul"
"FAGR",0.346531043147054,TRUE,0.156877839024316,0.510900765979739,"SP02","curr.aug"
"FAGR",0.0381375154799474,FALSE,-0.178090242176274,0.296489279330787,"SP03","prev.apr"
"FAGR",-0.10985207763708,FALSE,-0.415466900505955,0.0778821666610108,"SP03","prev.may"
"FAGR",0.00525980166992964,FALSE,-0.151022165074899,0.242073236959611,"SP03","prev.jun"
"FAGR",-0.0972685926023964,FALSE,-0.255606046904315,0.0633249806251918,"SP03","prev.jul"
"FAGR",-0.0499658819468387,FALSE,-0.278165347246773,0.137778788302428,"SP03","prev.aug"
"FAGR",0.205950881480898,TRUE,0.0132196372305452,0.403005014922321,"SP03","prev.sep"
"FAGR",0.107164966139056,FALSE,-0.146131855487929,0.305399240393582,"SP03","prev.oct"
"FAGR",0.208658375634756,TRUE,0.0378472453506076,0.429568323489598,"SP03","prev.nov"
"FAGR",-0.0461513036345001,FALSE,-0.30888582516262,0.1537308133152,"SP03","prev.dec"
"FAGR",-0.00740487830418608,FALSE,-0.227481502121837,0.198759348812427,"SP03","curr.jan"
"FAGR",-0.191852253706561,FALSE,-0.383659366287172,0.018841074200462,"SP03","curr.feb"
"FAGR",-0.0351060357515146,FALSE,-0.211651134470811,0.136487484264199,"SP03","curr.mar"
"FAGR",0.0875676227865304,FALSE,-0.111618966587606,0.293716252380605,"SP03","curr.apr"
"FAGR",0.0998500302704244,FALSE,-0.1944057934323,0.368185148626582,"SP03","curr.may"
"FAGR",-0.108572273353831,FALSE,-0.294981183779802,0.105820023969857,"SP03","curr.jun"
"FAGR",0.119915913600755,FALSE,-0.042933489945839,0.297918979925389,"SP03","curr.jul"
"FAGR",0.4315706142404,TRUE,0.160426448931742,0.641856584742567,"SP03","curr.aug"
"FAGR",0.00397202109848881,FALSE,-0.212662289818604,0.198296010773904,"SP06","prev.apr"
"FAGR",0.00895511497958943,FALSE,-0.175747150664066,0.146126463421378,"SP06","prev.may"
"FAGR",0.048866496791226,FALSE,-0.113935334976199,0.222402816624625,"SP06","prev.jun"
"FAGR",-0.135897124670583,FALSE,-0.282519549996878,0.0768471192400276,"SP06","prev.jul"
"FAGR",-0.224003392313313,FALSE,-0.483720014900634,0.0310041521508104,"SP06","prev.aug"
"FAGR",0.0819999150116514,FALSE,-0.110772365551776,0.350277094011105,"SP06","prev.sep"
"FAGR",0.0826000104079281,FALSE,-0.144138195143895,0.220947085394488,"SP06","prev.oct"
"FAGR",0.129514715755868,FALSE,-0.00798090272796565,0.345823301492065,"SP06","prev.nov"
"FAGR",0.106632443602715,FALSE,-0.0307402827770895,0.244817321490624,"SP06","prev.dec"
"FAGR",0.0648287412393849,FALSE,-0.133978504413686,0.203400443174902,"SP06","curr.jan"
"FAGR",0.11423866136948,FALSE,-0.0421886882735839,0.276410732129577,"SP06","curr.feb"
"FAGR",-0.140359981464411,FALSE,-0.407779020462394,0.104416820628655,"SP06","curr.mar"
"FAGR",-0.15001726694056,FALSE,-0.331833400279811,0.149799001513646,"SP06","curr.apr"
"FAGR",-0.171460525493681,FALSE,-0.353889081098126,0.0117672858047091,"SP06","curr.may"
"FAGR",-0.147083459276478,FALSE,-0.380700708830576,0.0743603903018933,"SP06","curr.jun"
"FAGR",0.203151488502093,TRUE,0.0363688024155329,0.420100468967387,"SP06","curr.jul"
"FAGR",0.434292689088671,TRUE,0.187021009128964,0.683192992425663,"SP06","curr.aug"
"FAGR",-0.0254268426845274,FALSE,-0.253974435012221,0.249694362780836,"SP09","prev.apr"
"FAGR",0.0133773714515756,FALSE,-0.181084859873331,0.20906066690549,"SP09","prev.may"
"FAGR",-0.13791982322647,FALSE,-0.400202096771682,0.121290179958917,"SP09","prev.jun"
"FAGR",-0.244190013935181,FALSE,-0.529190872873095,0.00926989845449028,"SP09","prev.jul"
"FAGR",-0.0441373175846721,FALSE,-0.306109500336671,0.129282596309324,"SP09","prev.aug"
"FAGR",0.142056461178472,FALSE,-0.106763518306609,0.405980255516645,"SP09","prev.sep"
"FAGR",0.0961968366469137,FALSE,-0.112455894801989,0.359104453388712,"SP09","prev.oct"
"FAGR",0.0915930393101255,FALSE,-0.0725095675712341,0.319908851768072,"SP09","prev.nov"
"FAGR",0.139127290160723,FALSE,-0.0894422311923155,0.43554414320065,"SP09","prev.dec"
"FAGR",0.0558307099309647,FALSE,-0.184601112439419,0.27557928908977,"SP09","curr.jan"
"FAGR",-0.00722670593656447,FALSE,-0.23866391321135,0.193778327056585,"SP09","curr.feb"
"FAGR",0.0406254112486892,FALSE,-0.167829739842323,0.231486894180053,"SP09","curr.mar"
"FAGR",-0.0523744391960367,FALSE,-0.357835651459648,0.214128955452727,"SP09","curr.apr"
"FAGR",-0.0918776400690632,FALSE,-0.345048771838158,0.214337143013997,"SP09","curr.may"
"FAGR",-0.209440839950071,FALSE,-0.503248908188027,0.0543028583242884,"SP09","curr.jun"
"FAGR",0.114885835764859,FALSE,-0.0772073646965026,0.316024056595745,"SP09","curr.jul"
"FAGR",0.297956312196578,TRUE,0.0216068186667879,0.571405002078198,"SP09","curr.aug"
"FAGR",-0.118580545694273,FALSE,-0.38663939048036,0.142445701922469,"SP12","prev.apr"
"FAGR",-0.0542376263664632,FALSE,-0.235296971700122,0.13803183122657,"SP12","prev.may"
"FAGR",0.0143261703336986,FALSE,-0.206549504154601,0.282478328142877,"SP12","prev.jun"
"FAGR",-0.10532995879878,FALSE,-0.282158508973063,0.1512895171256,"SP12","prev.jul"
"FAGR",-0.103350505569193,FALSE,-0.337816108682798,0.110485555957586,"SP12","prev.aug"
"FAGR",0.0920124754762342,FALSE,-0.14370998478282,0.39313746418768,"SP12","prev.sep"
"FAGR",0.1607306554878,FALSE,-0.0345247443839456,0.334102000408,"SP12","prev.oct"
"FAGR",0.142687411692535,FALSE,-0.00652815966734591,0.299418023792421,"SP12","prev.nov"
"FAGR",0.100684712032,FALSE,-0.040104885403048,0.247177027375944,"SP12","prev.dec"
"FAGR",-0.0495725411139564,FALSE,-0.198909086923218,0.0849901384250412,"SP12","curr.jan"
"FAGR",-0.0806999180791034,FALSE,-0.251253970364827,0.0708799611421859,"SP12","curr.feb"
"FAGR",-0.0847897480568067,FALSE,-0.274941284703472,0.122522233784761,"SP12","curr.mar"
"FAGR",-0.147430971848614,FALSE,-0.333901329032818,0.0410312178131831,"SP12","curr.apr"
"FAGR",-0.100561356607391,FALSE,-0.290655493359344,0.0648857143001427,"SP12","curr.may"
"FAGR",-0.0770678524826544,FALSE,-0.36492709137761,0.150805901123975,"SP12","curr.jun"
"FAGR",0.174760434690221,FALSE,-0.0098353504991267,0.334049995947873,"SP12","curr.jul"
"FAGR",0.416476057163604,TRUE,0.0778468682223138,0.763276696323502,"SP12","curr.aug"
"FAGR",-0.16241488556573,FALSE,-0.328346977456636,0.162784621729803,"SP24","prev.apr"
"FAGR",-0.0917341226517722,FALSE,-0.218708000715786,0.0987369229426271,"SP24","prev.may"
"FAGR",-0.10749225946736,FALSE,-0.265674707169834,0.0191120170101022,"SP24","prev.jun"
"FAGR",-0.0538037135184689,FALSE,-0.276786076098785,0.0851161827607069,"SP24","prev.jul"
"FAGR",0.111607821181384,FALSE,-0.244049140667829,0.311963407220324,"SP24","prev.aug"
"FAGR",0.147748558837961,FALSE,-0.187273774967249,0.367255410631958,"SP24","prev.sep"
"FAGR",0.157232903110065,FALSE,-0.0208187944063371,0.345349309613346,"SP24","prev.oct"
"FAGR",0.0850813240957292,FALSE,-0.0632231540936297,0.296622647836507,"SP24","prev.nov"
"FAGR",0.0525131498694193,FALSE,-0.0944637074430061,0.315566455070252,"SP24","prev.dec"
"FAGR",-0.0454330836425836,FALSE,-0.170897077757078,0.127348972809245,"SP24","curr.jan"
"FAGR",-0.0808947275725315,FALSE,-0.219167109733097,0.0480206651795444,"SP24","curr.feb"
"FAGR",-0.15003462612893,FALSE,-0.326951795771876,0.0188453011998942,"SP24","curr.mar"
"FAGR",-0.217239685468867,TRUE,-0.408185960679079,-0.00827177216352214,"SP24","curr.apr"
"FAGR",-0.122167207123277,FALSE,-0.382644126490992,0.0236436076307225,"SP24","curr.may"
"FAGR",-0.00716884594761438,FALSE,-0.232687302627749,0.123864491293883,"SP24","curr.jun"
"FAGR",0.160571571847554,FALSE,-0.00790421829669288,0.301224847049936,"SP24","curr.jul"
"FAGR",0.347103365894222,FALSE,0.00179071047364264,0.73346305914012,"SP24","curr.aug"
"FAGR",0.0857270347079611,FALSE,-0.112741428414117,0.2809891489744,"TMIN","prev.apr"
"FAGR",-0.126328178623109,FALSE,-0.345883373002807,0.0517914116262845,"TMIN","prev.may"
"FAGR",-0.0417188134894001,FALSE,-0.246801301805767,0.215203796789295,"TMIN","prev.jun"
"FAGR",0.170844064575496,FALSE,-0.0286054840879456,0.384236241849059,"TMIN","prev.jul"
"FAGR",0.0452500261732688,FALSE,-0.174732889460376,0.245607096893451,"TMIN","prev.aug"
"FAGR",0.000536375648897844,FALSE,-0.18858016710911,0.198413830991169,"TMIN","prev.sep"
"FAGR",0.0366221268096442,FALSE,-0.167670327281222,0.223409022093163,"TMIN","prev.oct"
"FAGR",-0.00300456597949572,FALSE,-0.222590952347181,0.196904166221445,"TMIN","prev.nov"
"FAGR",-0.0425078727702257,FALSE,-0.240275793919665,0.1445072102072,"TMIN","prev.dec"
"FAGR",-0.0957083660466641,FALSE,-0.29911195240222,0.0953405139650534,"TMIN","curr.jan"
"FAGR",-0.036088627626588,FALSE,-0.224961493069496,0.159828028795854,"TMIN","curr.feb"
"FAGR",0.037295872898752,FALSE,-0.194620627455798,0.243005914767746,"TMIN","curr.mar"
"FAGR",0.122227658109125,FALSE,-0.0966316997834175,0.31786025254672,"TMIN","curr.apr"
"FAGR",-0.185852679915964,FALSE,-0.394706016529625,0.0141220694661309,"TMIN","curr.may"
"FAGR",-0.124706586008011,FALSE,-0.339478629253447,0.123272245239647,"TMIN","curr.jun"
"FAGR",-0.130220121007247,FALSE,-0.379071990662143,0.0981957177467204,"TMIN","curr.jul"
"FAGR",-0.0547372230625085,FALSE,-0.289418079883303,0.138302717713685,"TMIN","curr.aug"
"FAGR",0.0642075448161616,FALSE,-0.119823215839007,0.253975811951246,"TMAX","prev.apr"
"FAGR",0.0271517103572962,FALSE,-0.14001424762209,0.197311837276612,"TMAX","prev.may"
"FAGR",0.0412123841181967,FALSE,-0.163284081646612,0.231439719874303,"TMAX","prev.jun"
"FAGR",0.021924097692783,FALSE,-0.150044534074789,0.205809704273723,"TMAX","prev.jul"
"FAGR",0.0316338801130507,FALSE,-0.14514515611935,0.216806800388225,"TMAX","prev.aug"
"FAGR",-0.178271584082245,TRUE,-0.333161745450225,-0.0238811454991637,"TMAX","prev.sep"
"FAGR",-0.181545547740525,FALSE,-0.361052919664091,0.0237765880857494,"TMAX","prev.oct"
"FAGR",-0.0437432114098257,FALSE,-0.222459454923082,0.145188760447613,"TMAX","prev.nov"
"FAGR",-0.0720790082637708,FALSE,-0.243089017911006,0.0950699271901823,"TMAX","prev.dec"
"FAGR",-0.0580999199074857,FALSE,-0.232591325486783,0.107222648925033,"TMAX","curr.jan"
"FAGR",-0.0381821549141779,FALSE,-0.232670431706787,0.160981795136459,"TMAX","curr.feb"
"FAGR",-0.0467377024928214,FALSE,-0.225593541236126,0.13514407317362,"TMAX","curr.mar"
"FAGR",0.247633427707743,TRUE,0.0862927315131888,0.408988600227752,"TMAX","curr.apr"
"FAGR",-0.114667212131902,FALSE,-0.280346057239101,0.0635706271952127,"TMAX","curr.may"
"FAGR",-0.079690050208903,FALSE,-0.239516733015762,0.0732301093576578,"TMAX","curr.jun"
"FAGR",-0.255560909910727,TRUE,-0.416574066048616,-0.0777025806930432,"TMAX","curr.jul"
"FAGR",-0.116772310207998,FALSE,-0.314818314007243,0.0516549798311273,"TMAX","curr.aug"
"FAGR",0.062112976237421,FALSE,-0.136445193326143,0.234459668599459,"PDSI_prewhiten","prev.apr"
"FAGR",-0.0619800896148309,FALSE,-0.231663587828201,0.140837368401678,"PDSI_prewhiten","prev.may"
"FAGR",-0.00204926037929716,FALSE,-0.189645440819315,0.18110810025461,"PDSI_prewhiten","prev.jun"
"FAGR",0.135273796490871,FALSE,-0.0553939414293879,0.316717977049908,"PDSI_prewhiten","prev.jul"
"FAGR",0.0681414696986744,FALSE,-0.112560994060759,0.213065139754626,"PDSI_prewhiten","prev.aug"
"FAGR",0.351654830161494,TRUE,0.164530424326254,0.490311960003265,"PDSI_prewhiten","prev.sep"
"FAGR",0.0506710177613884,FALSE,-0.128241357811489,0.243868268952071,"PDSI_prewhiten","prev.oct"
"FAGR",0.0443446363173879,FALSE,-0.13005676526322,0.221551576064222,"PDSI_prewhiten","prev.nov"
"FAGR",-0.193150225004973,FALSE,-0.468299626577856,0.0629943547024589,"PDSI_prewhiten","prev.dec"
"FAGR",0.0225141297670641,FALSE,-0.160154555913166,0.211625967660514,"PDSI_prewhiten","curr.jan"
"FAGR",0.0863192614401113,FALSE,-0.0855447720072008,0.264777890671653,"PDSI_prewhiten","curr.feb"
"FAGR",0.0107098618431946,FALSE,-0.210304620777018,0.202342141166278,"PDSI_prewhiten","curr.mar"
"FAGR",-0.0290714573902558,FALSE,-0.202534544682448,0.142557806844943,"PDSI_prewhiten","curr.apr"
"FAGR",0.0506751536322329,FALSE,-0.157013061084585,0.255395369063273,"PDSI_prewhiten","curr.may"
"FAGR",0.166408814692011,TRUE,0.00797278214652655,0.316984010015553,"PDSI_prewhiten","curr.jun"
"FAGR",0.323657912134129,TRUE,0.180639870436516,0.480554593554991,"PDSI_prewhiten","curr.jul"
"FAGR",0.212142529301289,TRUE,0.0310335309623127,0.360509034184973,"PDSI_prewhiten","curr.aug"
"FAGR",0.0196130806974004,FALSE,-0.150648568571479,0.201831438455189,"PHDI_prewhiten","prev.apr"
"FAGR",-0.106349677596545,FALSE,-0.30158148636065,0.0808756573526323,"PHDI_prewhiten","prev.may"
"FAGR",-0.0132613314340094,FALSE,-0.243544747286223,0.209808666350762,"PHDI_prewhiten","prev.jun"
"FAGR",0.0295191239471973,FALSE,-0.149136240603659,0.230379462609156,"PHDI_prewhiten","prev.jul"
"FAGR",0.0584188005281674,FALSE,-0.158507456088622,0.248885715770407,"PHDI_prewhiten","prev.aug"
"FAGR",0.271608609629152,TRUE,0.0435383999904718,0.512397751453428,"PHDI_prewhiten","prev.sep"
"FAGR",0.0626086294761948,FALSE,-0.159181206880166,0.331703018087271,"PHDI_prewhiten","prev.oct"
"FAGR",0.0908708327688306,FALSE,-0.0852685435505748,0.292177070415827,"PHDI_prewhiten","prev.nov"
"FAGR",0.0326562505817623,FALSE,-0.215562994821056,0.211853791829612,"PHDI_prewhiten","prev.dec"
"FAGR",-0.0967859273089775,FALSE,-0.26238342054034,0.0720956523668016,"PHDI_prewhiten","curr.jan"
"FAGR",0.0690389803487196,FALSE,-0.118197730806322,0.267718265395421,"PHDI_prewhiten","curr.feb"
"FAGR",-0.0205426816558844,FALSE,-0.208887089571922,0.20027775651764,"PHDI_prewhiten","curr.mar"
"FAGR",-0.0604273009481684,FALSE,-0.24200148499869,0.156185999092156,"PHDI_prewhiten","curr.apr"
"FAGR",0.065222261746201,FALSE,-0.138873647947557,0.273783340137933,"PHDI_prewhiten","curr.may"
"FAGR",0.0889419603827736,FALSE,-0.0863888031807327,0.295263448877396,"PHDI_prewhiten","curr.jun"
"FAGR",0.289583837110952,TRUE,0.0968984272492822,0.467890326380483,"PHDI_prewhiten","curr.jul"
"FAGR",0.247772788194431,TRUE,0.0654200997397249,0.425715047709356,"PHDI_prewhiten","curr.aug"
"FAGR",0.00129579435434966,FALSE,-0.183140881007327,0.174695620643576,"PMDI_prewhiten","prev.apr"
"FAGR",-0.0392274868235407,FALSE,-0.226225845675552,0.133293190235573,"PMDI_prewhiten","prev.may"
"FAGR",0.0287400895376745,FALSE,-0.174388927079605,0.224318704107584,"PMDI_prewhiten","prev.jun"
"FAGR",0.0751646095186798,FALSE,-0.102161225772887,0.270564423471856,"PMDI_prewhiten","prev.jul"
"FAGR",-0.00516382279089735,FALSE,-0.189233044659318,0.197549516086126,"PMDI_prewhiten","prev.aug"
"FAGR",0.297443795877168,TRUE,0.110675430108183,0.473050715772974,"PMDI_prewhiten","prev.sep"
"FAGR",0.0453181329525869,FALSE,-0.140906117084579,0.286219228552869,"PMDI_prewhiten","prev.oct"
"FAGR",0.0907982668729053,FALSE,-0.0862263952406721,0.253071408436234,"PMDI_prewhiten","prev.nov"
"FAGR",0.00930347727000318,FALSE,-0.204159769532096,0.168821128359576,"PMDI_prewhiten","prev.dec"
"FAGR",-0.0813265297871252,FALSE,-0.255055632408212,0.126769466263626,"PMDI_prewhiten","curr.jan"
"FAGR",0.103664479928948,FALSE,-0.0872598105133685,0.26528443956312,"PMDI_prewhiten","curr.feb"
"FAGR",-0.0433505319537027,FALSE,-0.220416335885053,0.204230961559086,"PMDI_prewhiten","curr.mar"
"FAGR",-0.0840425897685514,FALSE,-0.266138537184318,0.135092373933828,"PMDI_prewhiten","curr.apr"
"FAGR",0.0831432867265806,FALSE,-0.119767530743186,0.267353154242146,"PMDI_prewhiten","curr.may"
"FAGR",0.0772037545562762,FALSE,-0.128823865551686,0.265372655803726,"PMDI_prewhiten","curr.jun"
"FAGR",0.313202290859582,TRUE,0.15127728847254,0.460008746877024,"PMDI_prewhiten","curr.jul"
"FAGR",0.188577416654373,TRUE,0.00394005717702625,0.356229281475492,"PMDI_prewhiten","curr.aug"
"FRAM",-0.00122960903171816,FALSE,-0.195021304546681,0.18500955332489,"PCP","prev.apr"
"FRAM",-0.171843249159837,TRUE,-0.334356163250041,-0.00437687450903812,"PCP","prev.may"
"FRAM",-0.00415027093105103,FALSE,-0.173428361486057,0.167854933891609,"PCP","prev.jun"
"FRAM",-0.0543089648417605,FALSE,-0.230793008470731,0.102906150250695,"PCP","prev.jul"
"FRAM",0.0860343381025726,FALSE,-0.0789280194328751,0.266869651739524,"PCP","prev.aug"
"FRAM",0.0978812922281058,FALSE,-0.0544615437489195,0.25660028593196,"PCP","prev.sep"
"FRAM",0.0777951063769322,FALSE,-0.12280941817983,0.254518230084561,"PCP","prev.oct"
"FRAM",0.0787936554062523,FALSE,-0.0957070563856498,0.231962640893121,"PCP","prev.nov"
"FRAM",0.0105922053852023,FALSE,-0.15327144821834,0.160618309474323,"PCP","prev.dec"
"FRAM",-0.231400861069676,TRUE,-0.377982976987696,-0.0732895828701152,"PCP","curr.jan"
"FRAM",0.118797096667881,FALSE,-0.0455630616058681,0.277133958309099,"PCP","curr.feb"
"FRAM",0.0948765000274584,FALSE,-0.0667298827397893,0.241799862934136,"PCP","curr.mar"
"FRAM",0.12092154016274,FALSE,-0.0754316058774581,0.297663637315611,"PCP","curr.apr"
"FRAM",0.223996500423246,TRUE,0.0398366569363862,0.390121516947827,"PCP","curr.may"
"FRAM",0.14450923706915,FALSE,-0.019583954765686,0.295798508596615,"PCP","curr.jun"
"FRAM",0.052842292476879,FALSE,-0.10347107179466,0.21167545422764,"PCP","curr.jul"
"FRAM",0.0300498237542485,FALSE,-0.136921824832093,0.208602553849778,"PCP","curr.aug"
"FRAM",-0.135388880129147,FALSE,-0.289587982713504,0.0702935158851157,"TAVG","prev.apr"
"FRAM",0.151698212373402,FALSE,-0.0056116226736203,0.297063763610205,"TAVG","prev.may"
"FRAM",0.0647387224319349,FALSE,-0.112985876901118,0.240811520414849,"TAVG","prev.jun"
"FRAM",0.0386375948776925,FALSE,-0.124132052542388,0.184691722875161,"TAVG","prev.jul"
"FRAM",0.0959916926484986,FALSE,-0.108730388084548,0.299534877985019,"TAVG","prev.aug"
"FRAM",-0.0360510386349972,FALSE,-0.234561530828556,0.144303726331876,"TAVG","prev.sep"
"FRAM",-0.0853882095000799,FALSE,-0.278728714058653,0.0743689221243094,"TAVG","prev.oct"
"FRAM",0.0531365156719995,FALSE,-0.14833466900902,0.201048714235028,"TAVG","prev.nov"
"FRAM",0.131489427775405,FALSE,-0.0465118526591233,0.284762292292913,"TAVG","prev.dec"
"FRAM",0.0445321875093693,FALSE,-0.11419831804432,0.203534296588181,"TAVG","curr.jan"
"FRAM",-0.0254113739863902,FALSE,-0.182228678027094,0.138975815862247,"TAVG","curr.feb"
"FRAM",0.0671993821672577,FALSE,-0.110303870933933,0.219061466201639,"TAVG","curr.mar"
"FRAM",-0.0455251885211047,FALSE,-0.225926892230742,0.126233900993467,"TAVG","curr.apr"
"FRAM",-0.183881707668652,TRUE,-0.340196332257512,-0.0194719323840905,"TAVG","curr.may"
"FRAM",-0.255626644882308,TRUE,-0.447468029348914,-0.0569987693070987,"TAVG","curr.jun"
"FRAM",0.0744852597414072,FALSE,-0.107975088809784,0.266277135716251,"TAVG","curr.jul"
"FRAM",-0.0083039004491835,FALSE,-0.194611948151577,0.151138555129286,"TAVG","curr.aug"
"FRAM",0.109748659994236,FALSE,-0.0606570694335631,0.332906985148747,"PDSI","prev.apr"
"FRAM",0.00973241092982748,FALSE,-0.160383596011455,0.141250746826814,"PDSI","prev.may"
"FRAM",-0.0777009713689478,FALSE,-0.276663029164517,0.103915463247624,"PDSI","prev.jun"
"FRAM",-0.107639159270311,FALSE,-0.257638338435098,0.0177997875611447,"PDSI","prev.jul"
"FRAM",-0.0866274136666999,FALSE,-0.246335120564975,0.0772158360514645,"PDSI","prev.aug"
"FRAM",0.134927964926273,FALSE,-0.0478785846150576,0.348640904689043,"PDSI","prev.sep"
"FRAM",0.159762054030904,TRUE,0.00347954515811615,0.320055329358868,"PDSI","prev.oct"
"FRAM",0.12229162268049,FALSE,-0.0249430724837945,0.265233208859826,"PDSI","prev.nov"
"FRAM",-0.0497293695634712,FALSE,-0.222246774871936,0.0658228243461153,"PDSI","prev.dec"
"FRAM",-0.130325700965386,FALSE,-0.308333425608366,0.0117371955221967,"PDSI","curr.jan"
"FRAM",-0.147597879001443,TRUE,-0.29093337971208,-0.00423281818562079,"PDSI","curr.feb"
"FRAM",-0.0976922423284257,FALSE,-0.217765954322183,0.0600558331323985,"PDSI","curr.mar"
"FRAM",0.0259762324733196,FALSE,-0.133169242177495,0.172166373640838,"PDSI","curr.apr"
"FRAM",0.207347600375274,TRUE,0.00944430779856868,0.37900918473011,"PDSI","curr.may"
"FRAM",0.152305111585893,FALSE,-0.0197052478464822,0.311503434379964,"PDSI","curr.jun"
"FRAM",0.0859679485842552,FALSE,-0.0231418883031665,0.189020081831846,"PDSI","curr.jul"
"FRAM",0.0306310660221342,FALSE,-0.164156705421322,0.206038095038574,"PDSI","curr.aug"
"FRAM",0.177276386802104,FALSE,-0.0365925615444351,0.435566513803662,"PHDI","prev.apr"
"FRAM",0.0838394354181931,FALSE,-0.0435802511965107,0.222626749164563,"PHDI","prev.may"
"FRAM",-0.0769676480111393,FALSE,-0.242760702206017,0.101904781660979,"PHDI","prev.jun"
"FRAM",-0.129539177809639,FALSE,-0.315196628816395,0.0527156889202554,"PHDI","prev.jul"
"FRAM",-0.116342514192091,FALSE,-0.289419039257433,0.0396821085350751,"PHDI","prev.aug"
"FRAM",-0.0259872173620499,FALSE,-0.186139848463625,0.161633542276828,"PHDI","prev.sep"
"FRAM",0.0813524321739006,FALSE,-0.0291050268744174,0.200911945643915,"PHDI","prev.oct"
"FRAM",0.102775041123261,FALSE,-0.0210650532343647,0.29239985182574,"PHDI","prev.nov"
"FRAM",0.0786701056564468,FALSE,-0.052490895391175,0.25602068680814,"PHDI","prev.dec"
"FRAM",-0.00914371477951719,FALSE,-0.174932480954471,0.112717795585383,"PHDI","curr.jan"
"FRAM",-0.047932904877202,FALSE,-0.248159079608428,0.10473221676514,"PHDI","curr.feb"
"FRAM",-0.135824742341651,FALSE,-0.341699690972665,0.0459657684177549,"PHDI","curr.mar"
"FRAM",-0.135424424476128,FALSE,-0.303768765854562,0.0209559726260923,"PHDI","curr.apr"
"FRAM",0.0504964968688546,FALSE,-0.134027674194555,0.243742664410599,"PHDI","curr.may"
"FRAM",0.148939325147071,FALSE,-0.00958989425624912,0.316703895462532,"PHDI","curr.jun"
"FRAM",0.170039897625042,TRUE,0.0477559350788592,0.287965846881815,"PHDI","curr.jul"
"FRAM",0.135405043933748,FALSE,-0.0623383971236232,0.304173032510073,"PHDI","curr.aug"
"FRAM",0.0366543174960278,FALSE,-0.145884435290736,0.230530664834911,"ZNDX","prev.apr"
"FRAM",-0.201168995769554,TRUE,-0.363066752226353,-0.0387377523643486,"ZNDX","prev.may"
"FRAM",-0.0305633647309197,FALSE,-0.207080075841039,0.141201868967656,"ZNDX","prev.jun"
"FRAM",-0.0632338823434046,FALSE,-0.235555322132101,0.113692951165341,"ZNDX","prev.jul"
"FRAM",0.031685043207906,FALSE,-0.120325129639187,0.217863541386779,"ZNDX","prev.aug"
"FRAM",0.0953491941325762,FALSE,-0.0431751333656225,0.226454365607266,"ZNDX","prev.sep"
"FRAM",0.10180239558944,FALSE,-0.0736270033753742,0.278140650791015,"ZNDX","prev.oct"
"FRAM",0.0886368948697147,FALSE,-0.0696591043125259,0.240243843329492,"ZNDX","prev.nov"
"FRAM",0.0395684039816718,FALSE,-0.116291926180668,0.186685481210405,"ZNDX","prev.dec"
"FRAM",-0.268130748340459,TRUE,-0.438584736759127,-0.0964968652392938,"ZNDX","curr.jan"
"FRAM",0.105581571854838,FALSE,-0.0549072195162204,0.26328446535345,"ZNDX","curr.feb"
"FRAM",0.0702988870960679,FALSE,-0.076918513388485,0.219209891365,"ZNDX","curr.mar"
"FRAM",0.110459113613868,FALSE,-0.0867382030952583,0.284692075106992,"ZNDX","curr.apr"
"FRAM",0.244258105943942,TRUE,0.0721070850781254,0.397139206613645,"ZNDX","curr.may"
"FRAM",0.158486164295437,TRUE,0.00593347490640522,0.321157799147163,"ZNDX","curr.jun"
"FRAM",0.0632680953999725,FALSE,-0.0995896244767304,0.213738627342753,"ZNDX","curr.jul"
"FRAM",0.0103650369581717,FALSE,-0.13725996477469,0.181113449484615,"ZNDX","curr.aug"
"FRAM",0.219055781752612,FALSE,0.013216204903725,0.506381693466227,"PMDI","prev.apr"
"FRAM",0.0543952286633466,FALSE,-0.234541774104704,0.227095189503171,"PMDI","prev.may"
"FRAM",-0.117079920543488,FALSE,-0.286053210469533,0.0589686468707622,"PMDI","prev.jun"
"FRAM",-0.20926436847693,TRUE,-0.37422011496613,-0.0408037657357904,"PMDI","prev.jul"
"FRAM",-0.0999858886509047,FALSE,-0.258221971638892,0.064637741027486,"PMDI","prev.aug"
"FRAM",0.0665875726973684,FALSE,-0.0916665206156684,0.256569296449427,"PMDI","prev.sep"
"FRAM",0.165276071214328,TRUE,0.0288539146721623,0.335885673535154,"PMDI","prev.oct"
"FRAM",0.137800661346228,FALSE,0.00073006707546528,0.287268014717011,"PMDI","prev.nov"
"FRAM",0.046476348203954,FALSE,-0.0759839106199398,0.16868839876352,"PMDI","prev.dec"
"FRAM",-0.106899982699818,FALSE,-0.3418059295575,0.0437701984753156,"PMDI","curr.jan"
"FRAM",-0.141095634674259,FALSE,-0.34016285236057,0.0479311949109128,"PMDI","curr.feb"
"FRAM",-0.155753465804638,FALSE,-0.359032820104838,0.0849665944278857,"PMDI","curr.mar"
"FRAM",0.00339934985318891,FALSE,-0.171629831093661,0.257820670722903,"PMDI","curr.apr"
"FRAM",0.173023391857975,FALSE,-0.0545858797643584,0.371793101279113,"PMDI","curr.may"
"FRAM",0.156620092640198,FALSE,-0.0547983775548831,0.316027130732164,"PMDI","curr.jun"
"FRAM",0.157239640321608,TRUE,0.0224938520314749,0.262675244796726,"PMDI","curr.jul"
"FRAM",0.0457015425986622,FALSE,-0.133867775258179,0.241497201454036,"PMDI","curr.aug"
"FRAM",-0.00865091866829101,FALSE,-0.18294476251938,0.178401449988735,"SP01","prev.apr"
"FRAM",-0.170250155796236,TRUE,-0.341378525754995,-0.00925023147451593,"SP01","prev.may"
"FRAM",-0.000279783635516955,FALSE,-0.164593698670548,0.153330971606741,"SP01","prev.jun"
"FRAM",-0.0678850465419154,FALSE,-0.255753530066911,0.11033114460784,"SP01","prev.jul"
"FRAM",0.056531394197072,FALSE,-0.106624430828006,0.238149403480826,"SP01","prev.aug"
"FRAM",0.091377618979764,FALSE,-0.0581583932034454,0.23596563541136,"SP01","prev.sep"
"FRAM",0.0915068028365128,FALSE,-0.09064947579239,0.277230157117698,"SP01","prev.oct"
"FRAM",0.0925437410787398,FALSE,-0.0649023919763889,0.243428731646756,"SP01","prev.nov"
"FRAM",-0.00979751061386709,FALSE,-0.159678776437667,0.156011853049086,"SP01","prev.dec"
"FRAM",-0.232757968713681,TRUE,-0.409599595956611,-0.0608676981719491,"SP01","curr.jan"
"FRAM",0.10215176419872,FALSE,-0.0751396155596999,0.257554133595869,"SP01","curr.feb"
"FRAM",0.0802823166521834,FALSE,-0.0916080755611777,0.226113149819408,"SP01","curr.mar"
"FRAM",0.0890087124308103,FALSE,-0.0799069139512383,0.264483948404852,"SP01","curr.apr"
"FRAM",0.234791798584524,TRUE,0.0622285194138493,0.394561116522219,"SP01","curr.may"
"FRAM",0.128712956897697,FALSE,-0.035871695390285,0.298410250426595,"SP01","curr.jun"
"FRAM",0.0594334111815778,FALSE,-0.113768176361228,0.206683942600811,"SP01","curr.jul"
"FRAM",0.0320840233055678,FALSE,-0.142173284863729,0.209511011208451,"SP01","curr.aug"
"FRAM",0.138221914189658,FALSE,-0.0329040994015096,0.307048125107097,"SP02","prev.apr"
"FRAM",-0.114990063583327,FALSE,-0.269907104830563,0.0605691424389469,"SP02","prev.may"
"FRAM",-0.131995221620332,FALSE,-0.255163977261797,0.0187498454099645,"SP02","prev.jun"
"FRAM",0.0386717794428437,FALSE,-0.137304340146539,0.191937026165528,"SP02","prev.jul"
"FRAM",-0.056342739356252,FALSE,-0.254307749193243,0.148602955839081,"SP02","prev.aug"
"FRAM",0.105959335155997,FALSE,-0.0528978734576726,0.269692352063078,"SP02","prev.sep"
"FRAM",0.0790728397932059,FALSE,-0.0698761878044768,0.233775062680733,"SP02","prev.oct"
"FRAM",0.0314085773243397,FALSE,-0.117406953449026,0.189431421694549,"SP02","prev.nov"
"FRAM",0.130133213420451,FALSE,-0.0604421359959041,0.301017970105071,"SP02","prev.dec"
"FRAM",-0.236451807231466,TRUE,-0.42177449523218,-0.0662527163987287,"SP02","curr.jan"
"FRAM",-0.105105643108036,FALSE,-0.278430016887888,0.0778477897226719,"SP02","curr.feb"
"FRAM",0.195815564514735,TRUE,0.0261716585706251,0.350917221323089,"SP02","curr.mar"
"FRAM",0.0186296513577583,FALSE,-0.154063763574364,0.198017466555973,"SP02","curr.apr"
"FRAM",0.136300028577513,FALSE,-0.0161362200853361,0.282981694588444,"SP02","curr.may"
"FRAM",0.20430258657619,TRUE,0.0625342016634905,0.349042228305013,"SP02","curr.jun"
"FRAM",0.0888662190875146,FALSE,-0.0932947250883929,0.247267699931238,"SP02","curr.jul"
"FRAM",0.0464922031172947,FALSE,-0.132455444488955,0.215376954573272,"SP02","curr.aug"
"FRAM",0.226307111512248,TRUE,0.0224268162155616,0.423959545730043,"SP03","prev.apr"
"FRAM",-0.107671665144079,FALSE,-0.311109947078257,0.0565145803591126,"SP03","prev.may"
"FRAM",-0.0683430892479816,FALSE,-0.236691117883826,0.139939359313149,"SP03","prev.jun"
"FRAM",-0.123851440222516,FALSE,-0.306079689352666,0.0412201101613564,"SP03","prev.jul"
"FRAM",0.0549873977215707,FALSE,-0.0924233995542092,0.219535075196683,"SP03","prev.aug"
"FRAM",0.0449356745747168,FALSE,-0.104011023378817,0.193598280690076,"SP03","prev.sep"
"FRAM",0.0778485607580537,FALSE,-0.0987463781581775,0.225524812697006,"SP03","prev.oct"
"FRAM",0.0809386208669571,FALSE,-0.0836875589822654,0.264401274065779,"SP03","prev.nov"
"FRAM",0.0482360112618913,FALSE,-0.114223454613677,0.181415808851784,"SP03","prev.dec"
"FRAM",-0.0466927189308039,FALSE,-0.209590628689437,0.0987444809352903,"SP03","curr.jan"
"FRAM",-0.0983288320128579,FALSE,-0.265771786557016,0.0630039507023426,"SP03","curr.feb"
"FRAM",-0.0344461924657606,FALSE,-0.206642335604606,0.146076764443232,"SP03","curr.mar"
"FRAM",0.128586188496389,FALSE,-0.0213334570667346,0.273114426368124,"SP03","curr.apr"
"FRAM",0.141683888730371,FALSE,-0.0376197884792433,0.30627257912251,"SP03","curr.may"
"FRAM",0.0953733056976893,FALSE,-0.110864209728967,0.277605814724224,"SP03","curr.jun"
"FRAM",0.0685040173985828,FALSE,-0.0546988352885847,0.216255570114503,"SP03","curr.jul"
"FRAM",0.152542331125606,FALSE,-0.0442974949899605,0.340409237420132,"SP03","curr.aug"
"FRAM",0.195788366071417,TRUE,0.00531002437215952,0.385972920135872,"SP06","prev.apr"
"FRAM",0.0453795324759147,FALSE,-0.153309004519913,0.169162049317682,"SP06","prev.may"
"FRAM",-0.0377351344057085,FALSE,-0.215012725693901,0.130045579602507,"SP06","prev.jun"
"FRAM",-0.0776847877730571,FALSE,-0.224758868152161,0.137082787277071,"SP06","prev.jul"
"FRAM",-0.11104175062827,FALSE,-0.313453520991669,0.0844716051673685,"SP06","prev.aug"
"FRAM",-0.0169082566743269,FALSE,-0.212957008149799,0.168324786269376,"SP06","prev.sep"
"FRAM",0.0051268333242313,FALSE,-0.160226001999659,0.105907642611839,"SP06","prev.oct"
"FRAM",0.101662659846307,FALSE,0.00464135606255681,0.33325365893168,"SP06","prev.nov"
"FRAM",0.0973543426906466,FALSE,-0.018005171288757,0.231322912485012,"SP06","prev.dec"
"FRAM",0.039027965177201,FALSE,-0.143490109574678,0.147612912164789,"SP06","curr.jan"
"FRAM",0.0228989887688283,FALSE,-0.128673773046694,0.179242178385517,"SP06","curr.feb"
"FRAM",-0.0882070327454755,FALSE,-0.297379379746856,0.108052937730895,"SP06","curr.mar"
"FRAM",-0.0941370427804687,FALSE,-0.272141125780867,0.157172360920551,"SP06","curr.apr"
"FRAM",-0.0506337722079746,FALSE,-0.216332062117562,0.0923957959526844,"SP06","curr.may"
"FRAM",0.048740943316387,FALSE,-0.130179391845611,0.214282257416261,"SP06","curr.jun"
"FRAM",0.193637308968577,TRUE,0.0683584233785604,0.347633435729889,"SP06","curr.jul"
"FRAM",0.197510057198584,FALSE,-0.0477532787095019,0.426162872251594,"SP06","curr.aug"
"FRAM",-0.0465803813748715,FALSE,-0.191871049713171,0.150704330545828,"SP09","prev.apr"
"FRAM",-0.00546394241488905,FALSE,-0.161296968219868,0.145257574945609,"SP09","prev.may"
"FRAM",-0.047336601001834,FALSE,-0.315497731370176,0.0934511638361471,"SP09","prev.jun"
"FRAM",-0.00316790114060889,FALSE,-0.214553499116569,0.197557591353417,"SP09","prev.jul"
"FRAM",0.0324013447865684,FALSE,-0.114602581121511,0.192647125808964,"SP09","prev.aug"
"FRAM",0.126437529969787,FALSE,-0.0593768048488431,0.312527378836637,"SP09","prev.sep"
"FRAM",0.102855465745313,FALSE,-0.0262158228175504,0.293901020265256,"SP09","prev.oct"
"FRAM",0.0187232180427768,FALSE,-0.125120375665843,0.198042132079913,"SP09","prev.nov"
"FRAM",-0.0480601291631561,FALSE,-0.230870054675965,0.13844936600246,"SP09","prev.dec"
"FRAM",-0.104980544022064,FALSE,-0.300399219915478,0.0287982796113417,"SP09","curr.jan"
"FRAM",-0.10709866982945,FALSE,-0.301124602048258,0.0671240736450579,"SP09","curr.feb"
"FRAM",-0.0169294740803243,FALSE,-0.201854336346029,0.147529803940112,"SP09","curr.mar"
"FRAM",0.0654400404286564,FALSE,-0.112333391064758,0.237782887418094,"SP09","curr.apr"
"FRAM",0.134844033748148,FALSE,-0.0440782295845793,0.312027321887878,"SP09","curr.may"
"FRAM",0.0488525547414212,FALSE,-0.15371630279653,0.264817311734639,"SP09","curr.jun"
"FRAM",0.0635975958664798,FALSE,-0.0807678409554329,0.196591167087681,"SP09","curr.jul"
"FRAM",0.106974031349759,FALSE,-0.0751552145573684,0.302490496341363,"SP09","curr.aug"
"FRAM",-0.00168136391998682,FALSE,-0.208891235572506,0.228943233235679,"SP12","prev.apr"
"FRAM",-0.0246791252324481,FALSE,-0.159253732508881,0.103050975576756,"SP12","prev.may"
"FRAM",-0.052344728775998,FALSE,-0.191824804674679,0.125238871491342,"SP12","prev.jun"
"FRAM",-0.0829068708616322,FALSE,-0.254554456121017,0.120632443708071,"SP12","prev.jul"
"FRAM",-0.0099384960443992,FALSE,-0.172271835881543,0.149505643922325,"SP12","prev.aug"
"FRAM",0.0861797385818659,FALSE,-0.110879858388182,0.273122784769124,"SP12","prev.sep"
"FRAM",0.194113055227872,TRUE,0.0271723363394604,0.359174579131307,"SP12","prev.oct"
"FRAM",0.134729123602884,FALSE,-0.00925443485873209,0.293913072027805,"SP12","prev.nov"
"FRAM",0.0616733793045277,FALSE,-0.0497257988528834,0.170048560953396,"SP12","prev.dec"
"FRAM",-0.0598902072944587,FALSE,-0.168122130876891,0.0388886790841077,"SP12","curr.jan"
"FRAM",-0.143195689700914,FALSE,-0.329643800953441,-0.00522998985286274,"SP12","curr.feb"
"FRAM",-0.197196293653044,TRUE,-0.389152099200844,-0.0427664090742736,"SP12","curr.mar"
"FRAM",-0.17227462069619,TRUE,-0.323850201503146,-0.0269639124008235,"SP12","curr.apr"
"FRAM",-0.0345177176181707,FALSE,-0.16461010006008,0.119218634025412,"SP12","curr.may"
"FRAM",0.096778267235822,FALSE,-0.0689038580864534,0.258598327910571,"SP12","curr.jun"
"FRAM",0.220342868442928,TRUE,0.0895293967205827,0.342758787507198,"SP12","curr.jul"
"FRAM",0.28178757811491,FALSE,-0.00253314611775464,0.520141554226104,"SP12","curr.aug"
"FRAM",-0.00991757335319449,FALSE,-0.147386162775563,0.126333088378243,"SP24","prev.apr"
"FRAM",-0.0100249555338921,FALSE,-0.0909539547448623,0.0659811588091407,"SP24","prev.may"
"FRAM",-0.00873378873610539,FALSE,-0.0759631405587229,0.0488127305139083,"SP24","prev.jun"
"FRAM",-0.00773345542050616,FALSE,-0.0971091017910493,0.0717612585046222,"SP24","prev.jul"
"FRAM",-0.00310100434270463,FALSE,-0.0974774099829006,0.156713410600933,"SP24","prev.aug"
"FRAM",-0.00574708855739191,FALSE,-0.117951966480797,0.191337394289448,"SP24","prev.sep"
"FRAM",-0.00636974326303523,FALSE,-0.0636546691085944,0.145168709916853,"SP24","prev.oct"
"FRAM",-0.00810171623801028,FALSE,-0.0835820380936914,0.104758288209526,"SP24","prev.nov"
"FRAM",0.000812690620623873,FALSE,-0.168320679180523,0.227147487920916,"SP24","prev.dec"
"FRAM",-0.0393727800161896,FALSE,-0.17699466748379,0.0998064980942736,"SP24","curr.jan"
"FRAM",-0.0656931366019988,FALSE,-0.197493135422607,0.0389266663815068,"SP24","curr.feb"
"FRAM",-0.104454813451806,FALSE,-0.268691485462734,0.0111059660864194,"SP24","curr.mar"
"FRAM",-0.1234437986732,FALSE,-0.327353005053452,0.0527773242204593,"SP24","curr.apr"
"FRAM",-0.0566896798253348,FALSE,-0.257026130030814,0.107323218634975,"SP24","curr.may"
"FRAM",0.0424569252865034,FALSE,-0.0941312038959783,0.156751343590623,"SP24","curr.jun"
"FRAM",0.154551781143818,TRUE,0.0341131426655669,0.282227978435667,"SP24","curr.jul"
"FRAM",0.316306692675226,TRUE,0.0430622151845542,0.612031956307809,"SP24","curr.aug"
"FRAM",-0.132200899636505,FALSE,-0.307281843592736,0.031434163972292,"TMIN","prev.apr"
"FRAM",0.0621237041926308,FALSE,-0.0904040715465602,0.20321677228808,"TMIN","prev.may"
"FRAM",0.0773730182162172,FALSE,-0.0923623679528678,0.25272220196513,"TMIN","prev.jun"
"FRAM",-0.0262813148863825,FALSE,-0.201267816065264,0.151596443392436,"TMIN","prev.jul"
"FRAM",0.085519263100583,FALSE,-0.136831362977043,0.286502344583623,"TMIN","prev.aug"
"FRAM",-0.0103332154876678,FALSE,-0.226069996982364,0.193006311850973,"TMIN","prev.sep"
"FRAM",0.0307036017893259,FALSE,-0.143006861074528,0.205863625180316,"TMIN","prev.oct"
"FRAM",0.0623684698446252,FALSE,-0.141177266297215,0.246462173274222,"TMIN","prev.nov"
"FRAM",0.147757416010889,FALSE,-0.0131148847776783,0.324169347508364,"TMIN","prev.dec"
"FRAM",0.012903623464877,FALSE,-0.172926283741658,0.170607821033254,"TMIN","curr.jan"
"FRAM",-0.035488403628512,FALSE,-0.193395196498837,0.136038275089847,"TMIN","curr.feb"
"FRAM",0.11421446806329,FALSE,-0.0619937745653513,0.277226512392126,"TMIN","curr.mar"
"FRAM",-0.0392652241193919,FALSE,-0.219850456909831,0.13221751192891,"TMIN","curr.apr"
"FRAM",-0.143603070981514,FALSE,-0.305408297407889,0.030548008287278,"TMIN","curr.may"
"FRAM",-0.142847285398338,FALSE,-0.314367662102425,0.0350059319687479,"TMIN","curr.jun"
"FRAM",0.0907572156444929,FALSE,-0.0803497155846133,0.277550943117071,"TMIN","curr.jul"
"FRAM",-0.0164120899281636,FALSE,-0.189962279858293,0.158221136347755,"TMIN","curr.aug"
"FRAM",-0.122699588265327,FALSE,-0.274953156927473,0.0536481482940488,"TMAX","prev.apr"
"FRAM",0.215026597938038,TRUE,0.0486335252665982,0.363239922791858,"TMAX","prev.may"
"FRAM",0.0344782856592894,FALSE,-0.130979182841202,0.206473631581582,"TMAX","prev.jun"
"FRAM",0.0683489659422587,FALSE,-0.0807067824589751,0.220581598864688,"TMAX","prev.jul"
"FRAM",0.0383405002313945,FALSE,-0.140292774952539,0.229440506126601,"TMAX","prev.aug"
"FRAM",-0.0552586454863643,FALSE,-0.228537604091957,0.0990404510802497,"TMAX","prev.sep"
"FRAM",-0.188096238172497,TRUE,-0.363897029224804,-0.00786037783860785,"TMAX","prev.oct"
"FRAM",0.0239111530304861,FALSE,-0.155025508050936,0.184711249896453,"TMAX","prev.nov"
"FRAM",0.109609240631577,FALSE,-0.0690863755541891,0.246398109119961,"TMAX","prev.dec"
"FRAM",0.0598033840104368,FALSE,-0.10810054582502,0.225159387177597,"TMAX","curr.jan"
"FRAM",0.00942746592234123,FALSE,-0.155388068915058,0.173381507219649,"TMAX","curr.feb"
"FRAM",0.0434563408729838,FALSE,-0.116512510782047,0.193053560959145,"TMAX","curr.mar"
"FRAM",-0.0476828398853355,FALSE,-0.206966796892315,0.135467889406628,"TMAX","curr.apr"
"FRAM",-0.21977796141422,TRUE,-0.373944842461219,-0.0544047645195512,"TMAX","curr.may"
"FRAM",-0.270760208213296,TRUE,-0.457565345070935,-0.0988801060948908,"TMAX","curr.jun"
"FRAM",0.0834422500302024,FALSE,-0.0859056154460122,0.263444162822039,"TMAX","curr.jul"
"FRAM",-0.0143771667382461,FALSE,-0.177900927316891,0.137727933769269,"TMAX","curr.aug"
"FRAM",-0.0835250131060774,FALSE,-0.32575449300705,0.133491872365742,"PDSI_prewhiten","prev.apr"
"FRAM",-0.179320613799731,TRUE,-0.351501071663328,-0.00428697451039647,"PDSI_prewhiten","prev.may"
"FRAM",0.0142886881932022,FALSE,-0.16192782288969,0.181700657375141,"PDSI_prewhiten","prev.jun"
"FRAM",0.0287480239946703,FALSE,-0.145909304089007,0.209946499155353,"PDSI_prewhiten","prev.jul"
"FRAM",0.066872593675845,FALSE,-0.122927110609881,0.273940274409585,"PDSI_prewhiten","prev.aug"
"FRAM",0.0994587258609028,FALSE,-0.062450071727384,0.25982928843458,"PDSI_prewhiten","prev.sep"
"FRAM",0.0851804406524421,FALSE,-0.0924126400729283,0.258922592823354,"PDSI_prewhiten","prev.oct"
"FRAM",0.0532244851046339,FALSE,-0.148173999133744,0.246144628610141,"PDSI_prewhiten","prev.nov"
"FRAM",-0.117001455715111,FALSE,-0.309491701946017,0.07924045554627,"PDSI_prewhiten","prev.dec"
"FRAM",-0.130946058078749,FALSE,-0.299815170954891,0.0380699871978368,"PDSI_prewhiten","curr.jan"
"FRAM",0.0963825273712222,FALSE,-0.0649337776178887,0.260947771111792,"PDSI_prewhiten","curr.feb"
"FRAM",0.162194641875968,FALSE,-0.0383118376656656,0.347741698883493,"PDSI_prewhiten","curr.mar"
"FRAM",0.0340675757431601,FALSE,-0.149148479556786,0.222036179698859,"PDSI_prewhiten","curr.apr"
"FRAM",0.228823205883189,TRUE,0.0419128349055604,0.401846839493215,"PDSI_prewhiten","curr.may"
"FRAM",0.120047962872717,FALSE,-0.0499115299851731,0.283808008759279,"PDSI_prewhiten","curr.jun"
"FRAM",0.0307944591305377,FALSE,-0.127112454443398,0.195755442690803,"PDSI_prewhiten","curr.jul"
"FRAM",0.0162140037449821,FALSE,-0.18806793980361,0.220555651471559,"PDSI_prewhiten","curr.aug"
"FRAM",0.0934597577038406,FALSE,-0.0944306667931269,0.267791858013455,"PHDI_prewhiten","prev.apr"
"FRAM",-0.14288768690008,FALSE,-0.306250701057745,0.0186779184265661,"PHDI_prewhiten","prev.may"
"FRAM",0.0186691100323863,FALSE,-0.152857164652015,0.181840414132722,"PHDI_prewhiten","prev.jun"
"FRAM",-0.0348361911159744,FALSE,-0.22164455348913,0.126491661758051,"PHDI_prewhiten","prev.jul"
"FRAM",-0.0118085195119939,FALSE,-0.196125429818008,0.168361368568431,"PHDI_prewhiten","prev.aug"
"FRAM",0.078185313300553,FALSE,-0.0924983004274254,0.225914912174966,"PHDI_prewhiten","prev.sep"
"FRAM",0.0148232065545629,FALSE,-0.152494978853539,0.198249239617888,"PHDI_prewhiten","prev.oct"
"FRAM",0.121231698639501,FALSE,-0.0258613743423255,0.26889373518242,"PHDI_prewhiten","prev.nov"
"FRAM",0.0785457180841455,FALSE,-0.100497860565835,0.247608514918151,"PHDI_prewhiten","prev.dec"
"FRAM",-0.19338656984211,TRUE,-0.318897356991986,-0.0755901571855492,"PHDI_prewhiten","curr.jan"
"FRAM",0.112580001718885,FALSE,-0.0602074170272603,0.267567405011404,"PHDI_prewhiten","curr.feb"
"FRAM",0.0108302435566548,FALSE,-0.157512207282256,0.18516950768249,"PHDI_prewhiten","curr.mar"
"FRAM",0.0326197952544938,FALSE,-0.158825714725159,0.255810826317117,"PHDI_prewhiten","curr.apr"
"FRAM",0.202855524992811,FALSE,-0.0104390751782623,0.409486741740249,"PHDI_prewhiten","curr.may"
"FRAM",0.130243568423498,FALSE,0.000332399302421859,0.280474792933422,"PHDI_prewhiten","curr.jun"
"FRAM",0.104919570109873,FALSE,-0.0475476686629575,0.244723590767363,"PHDI_prewhiten","curr.jul"
"FRAM",0.0138180146722456,FALSE,-0.14196883357183,0.19388799826006,"PHDI_prewhiten","curr.aug"
"FRAM",-0.000294933024147081,FALSE,-0.183798574475627,0.178420424759625,"PMDI_prewhiten","prev.apr"
"FRAM",-0.197249930258625,TRUE,-0.37013565136206,-0.0126064375649034,"PMDI_prewhiten","prev.may"
"FRAM",-0.02239779947542,FALSE,-0.204619939590058,0.163722540714167,"PMDI_prewhiten","prev.jun"
"FRAM",-0.0834066509700205,FALSE,-0.270067260916405,0.0867933213244865,"PMDI_prewhiten","prev.jul"
"FRAM",0.040159195232628,FALSE,-0.132831608102918,0.238411925709965,"PMDI_prewhiten","prev.aug"
"FRAM",0.0860100797067518,FALSE,-0.0802635753583708,0.240624211104868,"PMDI_prewhiten","prev.sep"
"FRAM",0.0807430828014676,FALSE,-0.0932224014872774,0.256681124006009,"PMDI_prewhiten","prev.oct"
"FRAM",0.0815414413991594,FALSE,-0.0772088123894553,0.243547396044333,"PMDI_prewhiten","prev.nov"
"FRAM",0.070114178540351,FALSE,-0.117909929676284,0.211367100799944,"PMDI_prewhiten","prev.dec"
"FRAM",-0.230665851463534,TRUE,-0.41548350338262,-0.0577777584824526,"PMDI_prewhiten","curr.jan"
"FRAM",0.106136797450852,FALSE,-0.0645058440596459,0.270362402000729,"PMDI_prewhiten","curr.feb"
"FRAM",0.0350288865416596,FALSE,-0.132220592974063,0.19020614342681,"PMDI_prewhiten","curr.mar"
"FRAM",0.0888981489928413,FALSE,-0.118606979919054,0.301062397092812,"PMDI_prewhiten","curr.apr"
"FRAM",0.221762163394687,TRUE,0.0177429087099774,0.407099134376971,"PMDI_prewhiten","curr.may"
"FRAM",0.133605467200152,FALSE,-0.0247145446613618,0.301732077484207,"PMDI_prewhiten","curr.jun"
"FRAM",0.030748296806619,FALSE,-0.164507649662925,0.203588789106879,"PMDI_prewhiten","curr.jul"
"FRAM",-0.00508756625248482,FALSE,-0.153585910491443,0.197771016021597,"PMDI_prewhiten","curr.aug"
"FRNI",0.0478983435708609,FALSE,-0.103281731170932,0.200730319943302,"PCP","prev.apr"
"FRNI",-0.0515753112044282,FALSE,-0.259900246204156,0.178085731836862,"PCP","prev.may"
"FRNI",0.226162680521697,TRUE,0.0501508717056716,0.395988648998392,"PCP","prev.jun"
"FRNI",0.00272963457526623,FALSE,-0.187975153210586,0.184396207888128,"PCP","prev.jul"
"FRNI",0.10418494133738,FALSE,-0.0634088147758525,0.277266797981818,"PCP","prev.aug"
"FRNI",-0.00242665202216731,FALSE,-0.195024964974067,0.189074108633483,"PCP","prev.sep"
"FRNI",-0.0497431568247651,FALSE,-0.240579862443369,0.16967295894209,"PCP","prev.oct"
"FRNI",0.203067303846962,TRUE,0.00714491355600239,0.375823593848892,"PCP","prev.nov"
"FRNI",0.0483949371440942,FALSE,-0.139766482168207,0.217612970184646,"PCP","prev.dec"
"FRNI",0.033341744367067,FALSE,-0.160724824252276,0.225032809677723,"PCP","curr.jan"
"FRNI",0.029848956884447,FALSE,-0.177986042049279,0.212292815278588,"PCP","curr.feb"
"FRNI",0.0459649609117732,FALSE,-0.141236460254187,0.248944591874784,"PCP","curr.mar"
"FRNI",0.183314926885532,FALSE,-0.00514180008815581,0.361378500037046,"PCP","curr.apr"
"FRNI",0.0481002410081026,FALSE,-0.172236966712039,0.253589438866076,"PCP","curr.may"
"FRNI",0.0342005232527115,FALSE,-0.116038004370288,0.204216351976134,"PCP","curr.jun"
"FRNI",-0.0134752138243347,FALSE,-0.174158659311433,0.149101013050087,"PCP","curr.jul"
"FRNI",0.0657650916596912,FALSE,-0.094237204820335,0.247524657978337,"PCP","curr.aug"
"FRNI",0.0126637025520317,FALSE,-0.193820857058122,0.220613073956064,"TAVG","prev.apr"
"FRNI",-0.0644650918152873,FALSE,-0.244934725292493,0.12953187800225,"TAVG","prev.may"
"FRNI",-0.156180808542963,FALSE,-0.337905683614743,0.0251402184188679,"TAVG","prev.jun"
"FRNI",0.0614027991096948,FALSE,-0.11792726751945,0.258997608045302,"TAVG","prev.jul"
"FRNI",0.227589890485817,TRUE,0.0457914611474572,0.416649205878228,"TAVG","prev.aug"
"FRNI",0.02938945513074,FALSE,-0.133445337582698,0.188930330556632,"TAVG","prev.sep"
"FRNI",0.0147154161277477,FALSE,-0.18655800254812,0.205353717157006,"TAVG","prev.oct"
"FRNI",-0.164821917800769,FALSE,-0.381734485923567,0.0709017189553817,"TAVG","prev.nov"
"FRNI",-0.089458403546689,FALSE,-0.274499515149263,0.101544307522491,"TAVG","prev.dec"
"FRNI",0.0619344879254824,FALSE,-0.149349513099366,0.251292736863586,"TAVG","curr.jan"
"FRNI",-0.0918539190575694,FALSE,-0.28404639149653,0.121185090710931,"TAVG","curr.feb"
"FRNI",0.0427057725187004,FALSE,-0.171911503466578,0.247553327420452,"TAVG","curr.mar"
"FRNI",-0.142105058180695,FALSE,-0.356309810299822,0.0799915397167717,"TAVG","curr.apr"
"FRNI",-0.0279692919506663,FALSE,-0.251237240317313,0.19564696161683,"TAVG","curr.may"
"FRNI",-0.0101767899348248,FALSE,-0.21189249837175,0.192298148231959,"TAVG","curr.jun"
"FRNI",0.147290619705233,FALSE,-0.0806590120827212,0.381292330171111,"TAVG","curr.jul"
"FRNI",0.0788361275916967,FALSE,-0.140061594623544,0.2758713348376,"TAVG","curr.aug"
"FRNI",-0.023243820526964,FALSE,-0.224517008477067,0.207470615159867,"PDSI","prev.apr"
"FRNI",-3.97552995833635e-05,FALSE,-0.187503014028434,0.114125166469971,"PDSI","prev.may"
"FRNI",0.100594572640976,FALSE,-0.108855114440282,0.290492206215314,"PDSI","prev.jun"
"FRNI",0.0282057494684798,FALSE,-0.11226123005614,0.176134606909078,"PDSI","prev.jul"
"FRNI",-0.0231174384952777,FALSE,-0.176454395989595,0.166654090381133,"PDSI","prev.aug"
"FRNI",-0.0668690731898732,FALSE,-0.375908894270536,0.168890247258601,"PDSI","prev.sep"
"FRNI",0.0503890389441002,FALSE,-0.128492706670116,0.212285865638978,"PDSI","prev.oct"
"FRNI",0.0687063194584608,FALSE,-0.0819810111582167,0.225066489197651,"PDSI","prev.nov"
"FRNI",-0.0176991031906047,FALSE,-0.18070458514234,0.126029341671896,"PDSI","prev.dec"
"FRNI",-0.0463316375057391,FALSE,-0.262607990990451,0.109102419459684,"PDSI","curr.jan"
"FRNI",0.032276238482091,FALSE,-0.0873361483177742,0.131705509878965,"PDSI","curr.feb"
"FRNI",0.098006147867465,FALSE,-0.0440461162311206,0.240426798409589,"PDSI","curr.mar"
"FRNI",0.151220984017322,FALSE,0.00457997965094465,0.33152881213651,"PDSI","curr.apr"
"FRNI",0.0569168472510469,FALSE,-0.101941908157247,0.248862626488953,"PDSI","curr.may"
"FRNI",-0.00290935765991688,FALSE,-0.188468706250019,0.158653071750058,"PDSI","curr.jun"
"FRNI",-0.0171591023387943,FALSE,-0.123936824699905,0.104206227713353,"PDSI","curr.jul"
"FRNI",0.0155893489479568,FALSE,-0.148976438328525,0.192031225879019,"PDSI","curr.aug"
"FRNI",0.053472016869136,FALSE,-0.141394415730539,0.315941542763535,"PHDI","prev.apr"
"FRNI",-0.00761242553270551,FALSE,-0.1580021489505,0.0854995135437416,"PHDI","prev.may"
"FRNI",-0.00243174212398078,FALSE,-0.180845017415879,0.183140255404069,"PHDI","prev.jun"
"FRNI",-0.0117832812287198,FALSE,-0.21811921959179,0.190649146234832,"PHDI","prev.jul"
"FRNI",0.0215251798433302,FALSE,-0.140787333810688,0.190970335055607,"PHDI","prev.aug"
"FRNI",0.0432832941544406,FALSE,-0.124987120079985,0.248126193414551,"PHDI","prev.sep"
"FRNI",-0.0136440893969616,FALSE,-0.13707343626473,0.113409256510009,"PHDI","prev.oct"
"FRNI",-0.0320443697638455,FALSE,-0.163377952762493,0.118130296366002,"PHDI","prev.nov"
"FRNI",-0.0439141616105014,FALSE,-0.172008151752846,0.0938988258159675,"PHDI","prev.dec"
"FRNI",-0.012661452933899,FALSE,-0.128225731092019,0.112478909516134,"PHDI","curr.jan"
"FRNI",0.0143038587870377,FALSE,-0.133319304032283,0.141399962501867,"PHDI","curr.feb"
"FRNI",0.0777824698254046,FALSE,-0.11134734814969,0.251876200401031,"PHDI","curr.mar"
"FRNI",0.146079629947781,FALSE,0.0015922758575469,0.296462135698162,"PHDI","curr.apr"
"FRNI",0.114314651240618,FALSE,-0.072472193663163,0.290685385571716,"PHDI","curr.may"
"FRNI",0.0739511302695807,FALSE,-0.1345424333407,0.242152400818594,"PHDI","curr.jun"
"FRNI",0.0224669494727075,FALSE,-0.0998265777041189,0.143052239870466,"PHDI","curr.jul"
"FRNI",-0.0197155171103712,FALSE,-0.190269138346277,0.210781107704397,"PHDI","curr.aug"
"FRNI",0.0551276893237229,FALSE,-0.117669596120669,0.225929701950552,"ZNDX","prev.apr"
"FRNI",-0.0588936051428655,FALSE,-0.280103400736075,0.147567178275525,"ZNDX","prev.may"
"FRNI",0.228413587892963,TRUE,0.0659840655588788,0.406280927851455,"ZNDX","prev.jun"
"FRNI",0.00258103762637298,FALSE,-0.188499691711276,0.187031635369715,"ZNDX","prev.jul"
"FRNI",0.0416270441554887,FALSE,-0.116983730296652,0.222045691455219,"ZNDX","prev.aug"
"FRNI",-0.0191342164867087,FALSE,-0.206647770747678,0.18199516529303,"ZNDX","prev.sep"
"FRNI",-0.0774584537864859,FALSE,-0.286707417044698,0.125585652525299,"ZNDX","prev.oct"
"FRNI",0.153686010383365,FALSE,0.000378858587830594,0.332906693110303,"ZNDX","prev.nov"
"FRNI",0.0621436215553043,FALSE,-0.118663295798627,0.227195306100649,"ZNDX","prev.dec"
"FRNI",0.0344681219789066,FALSE,-0.17114551786055,0.257551505876933,"ZNDX","curr.jan"
"FRNI",0.0358100016175652,FALSE,-0.154196183510473,0.219323550376276,"ZNDX","curr.feb"
"FRNI",0.0397666847352064,FALSE,-0.13597456315872,0.233258495269296,"ZNDX","curr.mar"
"FRNI",0.201484206693427,TRUE,0.0012563126274892,0.384083918123615,"ZNDX","curr.apr"
"FRNI",0.0530516670462362,FALSE,-0.167472783107258,0.292912933961521,"ZNDX","curr.may"
"FRNI",0.023937155158815,FALSE,-0.114316133278915,0.194743530696997,"ZNDX","curr.jun"
"FRNI",-0.0278760854017296,FALSE,-0.19694494244897,0.14123064331595,"ZNDX","curr.jul"
"FRNI",0.0581214466625531,FALSE,-0.109368303847486,0.2442882531535,"ZNDX","curr.aug"
"FRNI",0.00259351429928424,FALSE,-0.189300113189188,0.272657751883511,"PMDI","prev.apr"
"FRNI",-0.0340785772233453,FALSE,-0.338701373295328,0.09290454380552,"PMDI","prev.may"
"FRNI",0.0751574545621981,FALSE,-0.100739513437818,0.269008562835936,"PMDI","prev.jun"
"FRNI",0.074120518723099,FALSE,-0.12673207978304,0.27066861763194,"PMDI","prev.jul"
"FRNI",0.0382902299398707,FALSE,-0.145459397978207,0.222132284029464,"PMDI","prev.aug"
"FRNI",-0.0180252621078907,FALSE,-0.234343467857349,0.161104876763183,"PMDI","prev.sep"
"FRNI",-0.0349891862259281,FALSE,-0.227618464073539,0.127449069894304,"PMDI","prev.oct"
"FRNI",-0.00801222386700832,FALSE,-0.158092354565572,0.167674834157104,"PMDI","prev.nov"
"FRNI",0.00148516958687402,FALSE,-0.125474875948399,0.140867594510785,"PMDI","prev.dec"
"FRNI",-0.00699033019166141,FALSE,-0.228375467721472,0.23134528506982,"PMDI","curr.jan"
"FRNI",0.0124576259120789,FALSE,-0.175226185909779,0.131571731727553,"PMDI","curr.feb"
"FRNI",0.062488021988816,FALSE,-0.184457276096764,0.226577704216389,"PMDI","curr.mar"
"FRNI",0.119816087905201,FALSE,-0.0507119610837417,0.317521221859563,"PMDI","curr.apr"
"FRNI",0.123969070615785,FALSE,-0.0693132236432518,0.390499761717371,"PMDI","curr.may"
"FRNI",0.0365785462510006,FALSE,-0.143779825766778,0.20653755883944,"PMDI","curr.jun"
"FRNI",-0.0037078602537504,FALSE,-0.145561988662902,0.108602274968391,"PMDI","curr.jul"
"FRNI",0.0142130710738837,FALSE,-0.162012002981364,0.225958247475294,"PMDI","curr.aug"
"FRNI",0.0545605385439212,FALSE,-0.118538313255181,0.2141147328518,"SP01","prev.apr"
"FRNI",-0.0701555171366772,FALSE,-0.28249990325074,0.142701777667053,"SP01","prev.may"
"FRNI",0.238185577525112,TRUE,0.0402846236432377,0.404357976916672,"SP01","prev.jun"
"FRNI",0.000873926761012834,FALSE,-0.18458913761417,0.180592308625487,"SP01","prev.jul"
"FRNI",0.0806333570386921,FALSE,-0.107072617625003,0.253053761537003,"SP01","prev.aug"
"FRNI",-0.0546563549214645,FALSE,-0.249604994216788,0.14651505956672,"SP01","prev.sep"
"FRNI",-0.0329620012453036,FALSE,-0.210107569318637,0.162745123629596,"SP01","prev.oct"
"FRNI",0.223267000532628,TRUE,0.041029629768606,0.400992285163178,"SP01","prev.nov"
"FRNI",0.0264687759818135,FALSE,-0.154527210857639,0.177944434431449,"SP01","prev.dec"
"FRNI",0.0051708504472379,FALSE,-0.209795983014536,0.210608746728175,"SP01","curr.jan"
"FRNI",0.0165390156770285,FALSE,-0.196453840944008,0.203681219057283,"SP01","curr.feb"
"FRNI",0.0435063149164103,FALSE,-0.137600306742497,0.273949136610772,"SP01","curr.mar"
"FRNI",0.167087979516482,FALSE,-0.014693156891869,0.337658046957155,"SP01","curr.apr"
"FRNI",0.0436311395066336,FALSE,-0.179137061941602,0.253162951017253,"SP01","curr.may"
"FRNI",0.0328605960050154,FALSE,-0.119599343127635,0.205701810962259,"SP01","curr.jun"
"FRNI",-0.0435566509812609,FALSE,-0.201075887900404,0.130501440641925,"SP01","curr.jul"
"FRNI",0.0840661344677016,FALSE,-0.0661635950381209,0.257568555325722,"SP01","curr.aug"
"FRNI",0.0262542568554841,FALSE,-0.190062087922595,0.239885888815434,"SP02","prev.apr"
"FRNI",-0.0253122936341053,FALSE,-0.221592481627626,0.15199268128097,"SP02","prev.may"
"FRNI",0.0659377061068568,FALSE,-0.09301242959817,0.223931927537717,"SP02","prev.jun"
"FRNI",0.127170164156256,FALSE,-0.0714982313777803,0.311182173505222,"SP02","prev.jul"
"FRNI",0.0654783491003125,FALSE,-0.192493277278478,0.264872888230374,"SP02","prev.aug"
"FRNI",0.0165249782396611,FALSE,-0.157160414881842,0.243891863288487,"SP02","prev.sep"
"FRNI",-0.0784140349975516,FALSE,-0.261315741372778,0.0970546004875286,"SP02","prev.oct"
"FRNI",0.0742405515327212,FALSE,-0.116909237361479,0.248719984533795,"SP02","prev.nov"
"FRNI",0.166460734429867,FALSE,-0.0368172503613299,0.367262134483632,"SP02","prev.dec"
"FRNI",-0.0290260728905449,FALSE,-0.256181585062448,0.158918519976873,"SP02","curr.jan"
"FRNI",0.00762069050928545,FALSE,-0.196073455000509,0.189442905213885,"SP02","curr.feb"
"FRNI",0.0475864819535252,FALSE,-0.17491875136554,0.241447278194917,"SP02","curr.mar"
"FRNI",0.152120774079341,FALSE,-0.0379734628326728,0.37749195005895,"SP02","curr.apr"
"FRNI",0.153159419344526,FALSE,-0.0517942280279216,0.361974192679012,"SP02","curr.may"
"FRNI",-0.028583230280505,FALSE,-0.21744211806616,0.115831326165762,"SP02","curr.jun"
"FRNI",-0.0263030170484962,FALSE,-0.202969608919034,0.203291400291568,"SP02","curr.jul"
"FRNI",0.0844079483652311,FALSE,-0.124936494240409,0.271656335166367,"SP02","curr.aug"
"FRNI",0.169680718694532,FALSE,-0.0110010013867311,0.377153803639897,"SP03","prev.apr"
"FRNI",-0.160436228775972,FALSE,-0.424972704736532,0.02950023801543,"SP03","prev.may"
"FRNI",0.0706964763729434,FALSE,-0.116836381717552,0.325615543910098,"SP03","prev.jun"
"FRNI",0.00890051591446318,FALSE,-0.193443674640941,0.176170710496464,"SP03","prev.jul"
"FRNI",0.205612987583721,FALSE,-0.00975449575106507,0.402493824713055,"SP03","prev.aug"
"FRNI",0.00875478598654348,FALSE,-0.170651662011375,0.209761610286777,"SP03","prev.sep"
"FRNI",-0.118875856785807,FALSE,-0.307272697227593,0.0763614821626442,"SP03","prev.oct"
"FRNI",0.0101873379903269,FALSE,-0.133918152967739,0.22364833541162,"SP03","prev.nov"
"FRNI",0.106030267000649,FALSE,-0.16570237547606,0.302878599050812,"SP03","prev.dec"
"FRNI",0.167032020846678,FALSE,-0.0692073706436256,0.404505061008654,"SP03","curr.jan"
"FRNI",-0.0755279587762737,FALSE,-0.26014768774622,0.107510490282912,"SP03","curr.feb"
"FRNI",-0.0704399647769519,FALSE,-0.278538112108127,0.145153008382004,"SP03","curr.mar"
"FRNI",0.147903240020309,FALSE,-0.0865944810009698,0.351228126520164,"SP03","curr.apr"
"FRNI",0.180867398550299,FALSE,-0.0544093401063982,0.393049129687966,"SP03","curr.may"
"FRNI",0.00123974161970683,FALSE,-0.224061016168685,0.233314529996258,"SP03","curr.jun"
"FRNI",-0.0811766895982697,FALSE,-0.243384339520712,0.0942226882075358,"SP03","curr.jul"
"FRNI",0.141184626284744,FALSE,-0.0731944382884362,0.347921228038553,"SP03","curr.aug"
"FRNI",0.0952695127029771,FALSE,-0.127744466264864,0.345246072708229,"SP06","prev.apr"
"FRNI",-0.0857539151363973,FALSE,-0.344017397940204,0.0566348774077143,"SP06","prev.may"
"FRNI",4.18013628101909e-05,FALSE,-0.171575268798008,0.239309784570531,"SP06","prev.jun"
"FRNI",0.121416761135721,FALSE,-0.0869280234734515,0.316358881535492,"SP06","prev.jul"
"FRNI",0.0662654255432394,FALSE,-0.250007991511206,0.309172444582951,"SP06","prev.aug"
"FRNI",0.0356888239613436,FALSE,-0.156047088631691,0.268920477091116,"SP06","prev.sep"
"FRNI",-0.103206870005284,FALSE,-0.300720997072907,0.0613132187099548,"SP06","prev.oct"
"FRNI",0.0769246383597169,FALSE,-0.039505802616077,0.411883593736961,"SP06","prev.nov"
"FRNI",0.0613956606768424,FALSE,-0.099026935498772,0.198829489861824,"SP06","prev.dec"
"FRNI",-0.0290635798287016,FALSE,-0.262862247751182,0.131437061713601,"SP06","curr.jan"
"FRNI",-0.0280843121350482,FALSE,-0.209432445096643,0.144939742986806,"SP06","curr.feb"
"FRNI",0.00971153679664463,FALSE,-0.306552853605196,0.246130147430136,"SP06","curr.mar"
"FRNI",0.214100953079202,FALSE,-0.00977716572640651,0.492629457689957,"SP06","curr.apr"
"FRNI",0.0501342742846044,FALSE,-0.165248386439956,0.213540315622247,"SP06","curr.may"
"FRNI",-0.0555963571448424,FALSE,-0.2772061196622,0.178725395343317,"SP06","curr.jun"
"FRNI",0.0340692539209162,FALSE,-0.161817170502766,0.217158590131783,"SP06","curr.jul"
"FRNI",0.128849851361753,FALSE,-0.112861121235829,0.374169354439284,"SP06","curr.aug"
"FRNI",0.00399830952080257,FALSE,-0.171621449430888,0.15063892020137,"SP09","prev.apr"
"FRNI",0.0186027032958899,FALSE,-0.163861371906959,0.13110046682086,"SP09","prev.may"
"FRNI",0.105976170631026,FALSE,-0.0214042083862083,0.399301749662715,"SP09","prev.jun"
"FRNI",0.0533627702262528,FALSE,-0.162417611641792,0.246835348767476,"SP09","prev.jul"
"FRNI",0.0292414413838359,FALSE,-0.161051126799928,0.178199810830929,"SP09","prev.aug"
"FRNI",-0.0225428471996981,FALSE,-0.223058455956309,0.155987049604157,"SP09","prev.sep"
"FRNI",-0.0390882652800355,FALSE,-0.208481505943038,0.0857512281926153,"SP09","prev.oct"
"FRNI",-0.0102394949385537,FALSE,-0.153807174026137,0.118455506597864,"SP09","prev.nov"
"FRNI",0.0116857966370787,FALSE,-0.178866260095125,0.197498417412435,"SP09","prev.dec"
"FRNI",0.0301166985526268,FALSE,-0.131156424101922,0.221008697667242,"SP09","curr.jan"
"FRNI",0.0374412016887942,FALSE,-0.103286756881099,0.198906613469949,"SP09","curr.feb"
"FRNI",-0.00454474775391735,FALSE,-0.190782473706883,0.15625928539188,"SP09","curr.mar"
"FRNI",0.0215574639016378,FALSE,-0.171741175200669,0.228278954166699,"SP09","curr.apr"
"FRNI",0.0217036159121397,FALSE,-0.185809187568004,0.223132996771852,"SP09","curr.may"
"FRNI",0.0704675436960615,FALSE,-0.154743572355164,0.276928405767759,"SP09","curr.jun"
"FRNI",0.103514182286118,FALSE,-0.0233366378796377,0.251349472044876,"SP09","curr.jul"
"FRNI",0.0750927706974667,FALSE,-0.12863516953285,0.254258714004319,"SP09","curr.aug"
"FRNI",-0.21892530315524,FALSE,-0.468116028002747,0.0273160169322748,"SP12","prev.apr"
"FRNI",-0.104108922686493,FALSE,-0.292533624460705,0.0106754538902676,"SP12","prev.may"
"FRNI",0.134085926039612,FALSE,-0.0522945980832506,0.373869456314394,"SP12","prev.jun"
"FRNI",0.175286185120897,FALSE,-0.00713068509724868,0.365182317149707,"SP12","prev.jul"
"FRNI",0.150187312439904,FALSE,-0.0293970326955209,0.319192861602911,"SP12","prev.aug"
"FRNI",0.164314812520641,FALSE,-0.0548053925053016,0.374418347559281,"SP12","prev.sep"
"FRNI",-0.0762357093975338,FALSE,-0.242454804804673,0.0985778378717859,"SP12","prev.oct"
"FRNI",-0.100241816591438,FALSE,-0.234959137160129,0.0542633410228472,"SP12","prev.nov"
"FRNI",-0.112503442556412,FALSE,-0.234721121506103,0.00694332090816474,"SP12","prev.dec"
"FRNI",-0.0816740798280958,FALSE,-0.207339097718527,0.0324111544184629,"SP12","curr.jan"
"FRNI",-0.0558583006277289,FALSE,-0.217731624592245,0.0764563473511373,"SP12","curr.feb"
"FRNI",0.0582579111654819,FALSE,-0.115997101125719,0.230316118500309,"SP12","curr.mar"
"FRNI",0.126472458996854,FALSE,-0.0662139569567531,0.285090459881248,"SP12","curr.apr"
"FRNI",0.114401176452603,FALSE,-0.0653691756483636,0.283526507567642,"SP12","curr.may"
"FRNI",0.0176475016446566,FALSE,-0.184748714666664,0.2000008116218,"SP12","curr.jun"
"FRNI",0.0492979983673395,FALSE,-0.0877994614575628,0.206213360326663,"SP12","curr.jul"
"FRNI",0.135041520506277,FALSE,-0.118026375763798,0.413068543775867,"SP12","curr.aug"
"FRNI",0.0541478568752593,FALSE,-0.0755680434330106,0.186020817062794,"SP24","prev.apr"
"FRNI",0.0402438224580616,FALSE,-0.0437684184845435,0.119791769108939,"SP24","prev.may"
"FRNI",0.0328643454407188,FALSE,-0.0404497344775507,0.114346426449423,"SP24","prev.jun"
"FRNI",-0.0130786804347209,FALSE,-0.101950544078443,0.0958503934959344,"SP24","prev.jul"
"FRNI",-0.0623859386852354,FALSE,-0.197698404505716,0.109613516802356,"SP24","prev.aug"
"FRNI",-0.106746705665714,FALSE,-0.275044930537073,0.0551185374247573,"SP24","prev.sep"
"FRNI",-0.140386763519171,TRUE,-0.239947438493377,-0.0371558075366898,"SP24","prev.oct"
"FRNI",-0.118727815700668,TRUE,-0.205456119227943,-0.0161221602868307,"SP24","prev.nov"
"FRNI",-0.0885862070461774,FALSE,-0.201189563442431,0.0337208635941577,"SP24","prev.dec"
"FRNI",-0.0551779646008953,FALSE,-0.163169288326789,0.0555018277722988,"SP24","curr.jan"
"FRNI",-0.021680191272137,FALSE,-0.129989756266889,0.0834574972288477,"SP24","curr.feb"
"FRNI",0.006284710087677,FALSE,-0.11712472422786,0.123701470663565,"SP24","curr.mar"
"FRNI",0.0484699494427569,FALSE,-0.109292937054038,0.195354605515144,"SP24","curr.apr"
"FRNI",0.103493973215548,FALSE,-0.0283888345506538,0.20112715958453,"SP24","curr.may"
"FRNI",0.140010724464929,TRUE,0.0184855460184445,0.230686320756694,"SP24","curr.jun"
"FRNI",0.153538956475389,TRUE,0.0293447350147015,0.274628770245922,"SP24","curr.jul"
"FRNI",0.21023285020996,FALSE,-0.00318824291108225,0.41760300835049,"SP24","curr.aug"
"FRNI",0.00434888536833049,FALSE,-0.155856014333638,0.166183846538683,"TMIN","prev.apr"
"FRNI",-0.055442590855772,FALSE,-0.217782631573884,0.108663363449803,"TMIN","prev.may"
"FRNI",-0.074156625084264,FALSE,-0.252151446298912,0.0947935339106834,"TMIN","prev.jun"
"FRNI",0.0957191799140008,FALSE,-0.0857501301969205,0.287340095981389,"TMIN","prev.jul"
"FRNI",0.207473684371309,TRUE,0.017996676267031,0.399673861909367,"TMIN","prev.aug"
"FRNI",0.0397434885329822,FALSE,-0.1121152624489,0.206984566436688,"TMIN","prev.sep"
"FRNI",0.0221676887953796,FALSE,-0.154273174079249,0.220320238995576,"TMIN","prev.oct"
"FRNI",-0.0998377772361421,FALSE,-0.330115188902279,0.114903917335221,"TMIN","prev.nov"
"FRNI",-0.0746990035046438,FALSE,-0.24514763945165,0.112734195198297,"TMIN","prev.dec"
"FRNI",0.0178034043544336,FALSE,-0.171209122408843,0.214801147546886,"TMIN","curr.jan"
"FRNI",-0.0621850285396599,FALSE,-0.240359090692505,0.121133460465659,"TMIN","curr.feb"
"FRNI",0.0384446221423771,FALSE,-0.152888066494983,0.222387160538358,"TMIN","curr.mar"
"FRNI",-0.0754584111746664,FALSE,-0.277630001081281,0.11043412809216,"TMIN","curr.apr"
"FRNI",0.0226892586096797,FALSE,-0.211092247680436,0.241681199493449,"TMIN","curr.may"
"FRNI",0.011401683299786,FALSE,-0.180073461348986,0.198997388417566,"TMIN","curr.jun"
"FRNI",0.121673945472945,FALSE,-0.101328728144481,0.344121419717792,"TMIN","curr.jul"
"FRNI",0.0913469165144186,FALSE,-0.0972350202944371,0.265503805145346,"TMIN","curr.aug"
"FRNI",-0.0011625082076281,FALSE,-0.206354830609051,0.218209730227193,"TMAX","prev.apr"
"FRNI",-0.0448835794218041,FALSE,-0.239895475434829,0.144012908546268,"TMAX","prev.may"
"FRNI",-0.192631927680124,TRUE,-0.384912576032666,-0.013267724756328,"TMAX","prev.jun"
"FRNI",0.0416423498716437,FALSE,-0.128276234254083,0.228220946086469,"TMAX","prev.jul"
"FRNI",0.155504054771572,FALSE,-0.0305528558253524,0.340795900549758,"TMAX","prev.aug"
"FRNI",0.000103090559756932,FALSE,-0.152528501841583,0.16104126311513,"TMAX","prev.sep"
"FRNI",-0.0485251721984593,FALSE,-0.243943406987212,0.189605133295887,"TMAX","prev.oct"
"FRNI",-0.171374632621003,FALSE,-0.359234487740432,0.0313518868633451,"TMAX","prev.nov"
"FRNI",-0.0860279708386672,FALSE,-0.283702134838924,0.101170859710827,"TMAX","prev.dec"
"FRNI",0.0379718051597934,FALSE,-0.184509904114931,0.258409388109241,"TMAX","curr.jan"
"FRNI",-0.0741338734263011,FALSE,-0.282255064374637,0.128619519030476,"TMAX","curr.feb"
"FRNI",0.0339937874462602,FALSE,-0.162842933637797,0.224957320514704,"TMAX","curr.mar"
"FRNI",-0.168797533997699,FALSE,-0.370857361977056,0.0261942262777893,"TMAX","curr.apr"
"FRNI",-0.08745746386467,FALSE,-0.313614173683414,0.1464614541823,"TMAX","curr.may"
"FRNI",-0.0089332050953123,FALSE,-0.189636958993273,0.172823957514016,"TMAX","curr.jun"
"FRNI",0.120710216395944,FALSE,-0.0776549895256669,0.331364913350039,"TMAX","curr.jul"
"FRNI",0.0230733023817316,FALSE,-0.165354699579742,0.236131155288777,"TMAX","curr.aug"
"FRNI",0.0259111753230226,FALSE,-0.16562821584105,0.189889380050041,"PDSI_prewhiten","prev.apr"
"FRNI",-0.0695984522691705,FALSE,-0.269886809108122,0.13226446331326,"PDSI_prewhiten","prev.may"
"FRNI",0.193530479556351,TRUE,0.0256917974303318,0.371030134027862,"PDSI_prewhiten","prev.jun"
"FRNI",0.0168982203744835,FALSE,-0.167285465248395,0.196346139306521,"PDSI_prewhiten","prev.jul"
"FRNI",0.0745092008681741,FALSE,-0.0591254989048648,0.213032235171173,"PDSI_prewhiten","prev.aug"
"FRNI",0.00365984083708704,FALSE,-0.181862309114987,0.184573637582745,"PDSI_prewhiten","prev.sep"
"FRNI",0.0400414223262933,FALSE,-0.149493145328525,0.236863761033009,"PDSI_prewhiten","prev.oct"
"FRNI",0.209328638002555,TRUE,0.0183764298970717,0.405906129029755,"PDSI_prewhiten","prev.nov"
"FRNI",0.0125826247839258,FALSE,-0.146311368907638,0.184599785067016,"PDSI_prewhiten","prev.dec"
"FRNI",-0.0135338794946388,FALSE,-0.226684268724393,0.194704074690967,"PDSI_prewhiten","curr.jan"
"FRNI",0.0914140491210924,FALSE,-0.127962382366502,0.301896271697978,"PDSI_prewhiten","curr.feb"
"FRNI",0.145106335679824,FALSE,-0.0451749291831629,0.319965266872893,"PDSI_prewhiten","curr.mar"
"FRNI",0.0952650357709937,FALSE,-0.094192947642736,0.277970014318126,"PDSI_prewhiten","curr.apr"
"FRNI",-0.0118485011271453,FALSE,-0.209108449824065,0.191264252704616,"PDSI_prewhiten","curr.may"
"FRNI",0.049928701176329,FALSE,-0.109426651667784,0.215295253156202,"PDSI_prewhiten","curr.jun"
"FRNI",-0.0188980843780356,FALSE,-0.176546911786568,0.106082434537647,"PDSI_prewhiten","curr.jul"
"FRNI",0.0880198028330405,FALSE,-0.0636383609433974,0.25534164764727,"PDSI_prewhiten","curr.aug"
"FRNI",0.154361693649355,FALSE,-0.0308436648941119,0.324957667009184,"PHDI_prewhiten","prev.apr"
"FRNI",-0.0914417158530708,FALSE,-0.288058416257018,0.131935853829317,"PHDI_prewhiten","prev.may"
"FRNI",0.193548945963097,TRUE,0.00556074739447092,0.371078794636298,"PHDI_prewhiten","prev.jun"
"FRNI",0.0278086780344671,FALSE,-0.149359102575386,0.19201788534084,"PHDI_prewhiten","prev.jul"
"FRNI",0.100582250507258,FALSE,-0.0895920675885415,0.27416102753109,"PHDI_prewhiten","prev.aug"
"FRNI",0.0658542282736384,FALSE,-0.143787237215616,0.264307319568885,"PHDI_prewhiten","prev.sep"
"FRNI",-0.0454122197365266,FALSE,-0.239654632959109,0.170922377081687,"PHDI_prewhiten","prev.oct"
"FRNI",0.188331438674543,TRUE,0.00693419263313286,0.367379202707797,"PHDI_prewhiten","prev.nov"
"FRNI",0.0257531951664161,FALSE,-0.193696042442924,0.184840229938477,"PHDI_prewhiten","prev.dec"
"FRNI",0.163825024200605,FALSE,-0.0604584468011992,0.358148494717961,"PHDI_prewhiten","curr.jan"
"FRNI",0.0750301712447136,FALSE,-0.111800410773487,0.235029312891221,"PHDI_prewhiten","curr.feb"
"FRNI",0.0514446195095017,FALSE,-0.137691830307673,0.26126437029028,"PHDI_prewhiten","curr.mar"
"FRNI",0.201475900193201,TRUE,0.0139502153362669,0.400209554738254,"PHDI_prewhiten","curr.apr"
"FRNI",0.0387086764797934,FALSE,-0.19134902363251,0.27011059552767,"PHDI_prewhiten","curr.may"
"FRNI",0.0917274891320644,FALSE,-0.0530512865491188,0.234511363831656,"PHDI_prewhiten","curr.jun"
"FRNI",-0.0910368310477719,FALSE,-0.261638234939881,0.116436678966609,"PHDI_prewhiten","curr.jul"
"FRNI",0.0973592867665971,FALSE,-0.105217747015177,0.281172969970213,"PHDI_prewhiten","curr.aug"
"FRNI",0.0624262744127451,FALSE,-0.112347026086881,0.233626996369521,"PMDI_prewhiten","prev.apr"
"FRNI",-0.046385866855067,FALSE,-0.245545567753733,0.157997743682021,"PMDI_prewhiten","prev.may"
"FRNI",0.229510510165459,TRUE,0.0387664837895786,0.410723072826169,"PMDI_prewhiten","prev.jun"
"FRNI",0.0152241987639973,FALSE,-0.182485794574379,0.219043368625632,"PMDI_prewhiten","prev.jul"
"FRNI",0.0927101592941774,FALSE,-0.0938793097273804,0.272758796420132,"PMDI_prewhiten","prev.aug"
"FRNI",-0.043430219666118,FALSE,-0.235609317995659,0.164239275571156,"PMDI_prewhiten","prev.sep"
"FRNI",-0.0576179004836215,FALSE,-0.247836841545424,0.145473091537069,"PMDI_prewhiten","prev.oct"
"FRNI",0.206965264138474,TRUE,0.0293965944277853,0.364026344232698,"PMDI_prewhiten","prev.nov"
"FRNI",0.0879536830903631,FALSE,-0.0944070749240147,0.235322787959126,"PMDI_prewhiten","prev.dec"
"FRNI",0.0323740741824175,FALSE,-0.181990923309986,0.236412594785002,"PMDI_prewhiten","curr.jan"
"FRNI",0.0740603291409061,FALSE,-0.128734816633864,0.249411634375947,"PMDI_prewhiten","curr.feb"
"FRNI",0.0689163759614174,FALSE,-0.101259213404083,0.252920862028912,"PMDI_prewhiten","curr.mar"
"FRNI",0.159293422169176,FALSE,-0.01645673824343,0.340104418098125,"PMDI_prewhiten","curr.apr"
"FRNI",0.0466196329482789,FALSE,-0.165096810226624,0.243439071862331,"PMDI_prewhiten","curr.may"
"FRNI",0.0188661008252548,FALSE,-0.129466915749636,0.18807095581475,"PMDI_prewhiten","curr.jun"
"FRNI",-0.0514964945469977,FALSE,-0.210570932137934,0.106147487965131,"PMDI_prewhiten","curr.jul"
"FRNI",0.0785955434261685,FALSE,-0.0873297850849907,0.274989744758722,"PMDI_prewhiten","curr.aug"
"JUNI",-0.0912192478490364,FALSE,-0.290889540797134,0.124975727783159,"PCP","prev.apr"
"JUNI",-0.0305561242865128,FALSE,-0.224674188248194,0.162795783950957,"PCP","prev.may"
"JUNI",-0.0520596574989766,FALSE,-0.234657313524987,0.121182961970922,"PCP","prev.jun"
"JUNI",-0.139943479528692,FALSE,-0.355673035502481,0.0755275852456381,"PCP","prev.jul"
"JUNI",0.0285749938652585,FALSE,-0.163771621442417,0.223280082850154,"PCP","prev.aug"
"JUNI",0.0550779174325828,FALSE,-0.143816755130197,0.228070690661341,"PCP","prev.sep"
"JUNI",-0.0797331891960091,FALSE,-0.269411388686304,0.133913722107197,"PCP","prev.oct"
"JUNI",0.042280134823017,FALSE,-0.173911002931569,0.244471500228207,"PCP","prev.nov"
"JUNI",0.0963918421573807,FALSE,-0.079520917599522,0.256660402779561,"PCP","prev.dec"
"JUNI",-0.149679454742507,FALSE,-0.330015511564556,0.0442719148760948,"PCP","curr.jan"
"JUNI",-0.0415315707671833,FALSE,-0.243146237034285,0.141142103488723,"PCP","curr.feb"
"JUNI",0.0355903749665135,FALSE,-0.151971260936072,0.222259737552241,"PCP","curr.mar"
"JUNI",0.0521198958543633,FALSE,-0.126664110364005,0.222425016332461,"PCP","curr.apr"
"JUNI",0.155356001892137,FALSE,-0.0430764521682614,0.342207403718494,"PCP","curr.may"
"JUNI",0.189559901130727,TRUE,0.00638671548379566,0.37931534384793,"PCP","curr.jun"
"JUNI",0.249417425974306,TRUE,0.0811693855329806,0.405253755208217,"PCP","curr.jul"
"JUNI",0.139431071638147,FALSE,-0.060326908576449,0.327975729235668,"PCP","curr.aug"
"JUNI",-0.0600921717478498,FALSE,-0.259588447202049,0.146591786341633,"TAVG","prev.apr"
"JUNI",0.100380788289513,FALSE,-0.100755882239331,0.3073153929543,"TAVG","prev.may"
"JUNI",-0.00914632817399963,FALSE,-0.200116147138741,0.179911920929134,"TAVG","prev.jun"
"JUNI",0.158422876423138,FALSE,-0.0109083584525864,0.357262178396825,"TAVG","prev.jul"
"JUNI",-0.0363993608581945,FALSE,-0.236333460790972,0.154681085884282,"TAVG","prev.aug"
"JUNI",0.0119514099463148,FALSE,-0.203805401932387,0.194441776317563,"TAVG","prev.sep"
"JUNI",0.00984939384024376,FALSE,-0.186733201291382,0.190352881062688,"TAVG","prev.oct"
"JUNI",0.0482456988878613,FALSE,-0.138420189600032,0.23484139957314,"TAVG","prev.nov"
"JUNI",-0.00852113238481478,FALSE,-0.205121002909998,0.17213639999117,"TAVG","prev.dec"
"JUNI",0.13220549384521,FALSE,-0.0405717741902778,0.316644947348994,"TAVG","curr.jan"
"JUNI",0.018884801519156,FALSE,-0.18157069185027,0.228808586150313,"TAVG","curr.feb"
"JUNI",-0.135630388520826,FALSE,-0.317292430869486,0.0290370525656492,"TAVG","curr.mar"
"JUNI",0.097272070450053,FALSE,-0.0997202695822655,0.299141184635331,"TAVG","curr.apr"
"JUNI",0.0235891775941035,FALSE,-0.178238051162166,0.217768132362737,"TAVG","curr.may"
"JUNI",-0.147728466150492,FALSE,-0.328595978384264,0.0339809071002759,"TAVG","curr.jun"
"JUNI",-0.0449747836179528,FALSE,-0.230803741031835,0.143419790457703,"TAVG","curr.jul"
"JUNI",-0.0970354258423809,FALSE,-0.272652823916805,0.075335488889656,"TAVG","curr.aug"
"JUNI",0.0107569231056638,FALSE,-0.167202405477721,0.219925811586532,"PDSI","prev.apr"
"JUNI",-0.0363222535483587,FALSE,-0.168406133302684,0.0815300938719735,"PDSI","prev.may"
"JUNI",-0.076391675758405,FALSE,-0.216459517254555,0.0647910612537816,"PDSI","prev.jun"
"JUNI",-0.0572484903507022,FALSE,-0.201887362558377,0.06627526784163,"PDSI","prev.jul"
"JUNI",-0.00892110905181302,FALSE,-0.186143559784338,0.178785631887672,"PDSI","prev.aug"
"JUNI",0.0673992750199941,FALSE,-0.0996922678632338,0.317592998481653,"PDSI","prev.sep"
"JUNI",0.0352193897733318,FALSE,-0.109477265400019,0.196003013463167,"PDSI","prev.oct"
"JUNI",0.00216096531784722,FALSE,-0.134952245308589,0.14859140576934,"PDSI","prev.nov"
"JUNI",-0.00986869269821421,FALSE,-0.133893851986214,0.103716397822671,"PDSI","prev.dec"
"JUNI",-0.0479572549745156,FALSE,-0.179519709335991,0.0883946494009239,"PDSI","curr.jan"
"JUNI",-0.0691658034929673,FALSE,-0.194311393681416,0.0312369811079591,"PDSI","curr.feb"
"JUNI",-0.0582479720167007,FALSE,-0.186776532704968,0.111201121635925,"PDSI","curr.mar"
"JUNI",-0.0593095002556735,FALSE,-0.213374168961266,0.104027109355141,"PDSI","curr.apr"
"JUNI",0.0372263501500476,FALSE,-0.127732423675073,0.175905344988234,"PDSI","curr.may"
"JUNI",0.0898795583394342,FALSE,-0.0859001977308803,0.221607919058123,"PDSI","curr.jun"
"JUNI",0.165724888988089,TRUE,0.0583988172059943,0.27563175632329,"PDSI","curr.jul"
"JUNI",0.172619614497695,FALSE,-0.00111340292247739,0.332638043488706,"PDSI","curr.aug"
"JUNI",0.128414005827277,FALSE,-0.0799461002876624,0.366904568474854,"PHDI","prev.apr"
"JUNI",0.0330476167240585,FALSE,-0.095647554643345,0.170309351160719,"PHDI","prev.may"
"JUNI",-0.114017580383148,FALSE,-0.273086026096515,0.0472375648666457,"PHDI","prev.jun"
"JUNI",-0.154735158670672,FALSE,-0.366997043787158,0.0130927441372213,"PHDI","prev.jul"
"JUNI",-0.0643029887182489,FALSE,-0.234975587535491,0.11218859736813,"PHDI","prev.aug"
"JUNI",-0.00447601774053761,FALSE,-0.163412688341911,0.219185927137468,"PHDI","prev.sep"
"JUNI",0.0327106517894601,FALSE,-0.0743102580363051,0.151984514594281,"PHDI","prev.oct"
"JUNI",0.0246431904320098,FALSE,-0.101037583056895,0.185146300168804,"PHDI","prev.nov"
"JUNI",0.0392129767206772,FALSE,-0.084935591899998,0.182973063305705,"PHDI","prev.dec"
"JUNI",0.00887116553480919,FALSE,-0.133890676800301,0.125681051198083,"PHDI","curr.jan"
"JUNI",-0.000689263000341348,FALSE,-0.154455724555074,0.124639325322577,"PHDI","curr.feb"
"JUNI",-0.0887524873637879,FALSE,-0.245597127150599,0.0856842759654574,"PHDI","curr.mar"
"JUNI",-0.202771317299593,TRUE,-0.366110162091677,-0.0218458164026818,"PHDI","curr.apr"
"JUNI",-0.0630913567232381,FALSE,-0.233241548580907,0.098470706263324,"PHDI","curr.may"
"JUNI",0.0726714615395861,FALSE,-0.0922231094935258,0.213786107702228,"PHDI","curr.jun"
"JUNI",0.202222649124151,TRUE,0.0848037780937008,0.318906096075593,"PHDI","curr.jul"
"JUNI",0.285744542688841,TRUE,0.0631335431744799,0.482917824547985,"PHDI","curr.aug"
"JUNI",-0.0834030477254668,FALSE,-0.298222660873211,0.129438738863881,"ZNDX","prev.apr"
"JUNI",-0.0465913615117408,FALSE,-0.22992669094352,0.143647736114203,"ZNDX","prev.may"
"JUNI",-0.0389646251603835,FALSE,-0.214750791599603,0.119874174149768,"ZNDX","prev.jun"
"JUNI",-0.165847557355289,FALSE,-0.370731925040248,0.031298134811576,"ZNDX","prev.jul"
"JUNI",-0.00444251657365254,FALSE,-0.174817346891151,0.182895966142756,"ZNDX","prev.aug"
"JUNI",0.0557328066043246,FALSE,-0.123168549399731,0.231851848575631,"ZNDX","prev.sep"
"JUNI",-0.0459973333067197,FALSE,-0.230694612604129,0.15862487868042,"ZNDX","prev.oct"
"JUNI",0.012442775209115,FALSE,-0.147872973152619,0.226824905743227,"ZNDX","prev.nov"
"JUNI",0.0943312054237848,FALSE,-0.091579972740414,0.249906093096517,"ZNDX","prev.dec"
"JUNI",-0.164957433909034,FALSE,-0.366491582023542,0.0418122563768245,"ZNDX","curr.jan"
"JUNI",-0.0741014407744247,FALSE,-0.286071053649015,0.113263115209778,"ZNDX","curr.feb"
"JUNI",0.0650692484226567,FALSE,-0.102118784218441,0.259253699337475,"ZNDX","curr.mar"
"JUNI",0.0376209707450688,FALSE,-0.154013541667791,0.222698232095836,"ZNDX","curr.apr"
"JUNI",0.117614057585856,FALSE,-0.0728575829370139,0.288305370467674,"ZNDX","curr.may"
"JUNI",0.16622305546529,FALSE,-0.0210939209158137,0.341239051071041,"ZNDX","curr.jun"
"JUNI",0.251725947611478,TRUE,0.0675390001239111,0.39628894477932,"ZNDX","curr.jul"
"JUNI",0.138552902808542,FALSE,-0.0399044651115266,0.318227822517984,"ZNDX","curr.aug"
"JUNI",0.00771803458385702,FALSE,-0.185935534157191,0.194560343729256,"PMDI","prev.apr"
"JUNI",0.0329384323127625,FALSE,-0.120146430398544,0.214043647487845,"PMDI","prev.may"
"JUNI",-0.0492919712342666,FALSE,-0.186765380792818,0.104131999428877,"PMDI","prev.jun"
"JUNI",-0.119755098341858,FALSE,-0.28747488792726,0.00932526240746587,"PMDI","prev.jul"
"JUNI",-0.0908404578799794,FALSE,-0.286761243294554,0.0796490054374702,"PMDI","prev.aug"
"JUNI",0.0204979758759307,FALSE,-0.139737219782306,0.26829210626213,"PMDI","prev.sep"
"JUNI",0.082362758132543,FALSE,-0.0349933661435764,0.227420019887425,"PMDI","prev.oct"
"JUNI",0.0624176234827171,FALSE,-0.0742855051527019,0.200245466899718,"PMDI","prev.nov"
"JUNI",0.0399720265459632,FALSE,-0.0876057187153185,0.156615746605071,"PMDI","prev.dec"
"JUNI",-0.0712428974708026,FALSE,-0.265217953571156,0.0638955695797512,"PMDI","curr.jan"
"JUNI",-0.0974492605343138,FALSE,-0.281870408580677,0.0481393717268352,"PMDI","curr.feb"
"JUNI",-0.0787502314172596,FALSE,-0.247922553376699,0.159473828744125,"PMDI","curr.mar"
"JUNI",-0.0842654375139974,FALSE,-0.251267315641471,0.118000935942385,"PMDI","curr.apr"
"JUNI",0.00770029569381937,FALSE,-0.187636824017022,0.198612602917709,"PMDI","curr.may"
"JUNI",0.0434312899213065,FALSE,-0.131918035288332,0.181171197497094,"PMDI","curr.jun"
"JUNI",0.202037707808947,TRUE,0.0825490129055745,0.314360900514673,"PMDI","curr.jul"
"JUNI",0.268009662667008,TRUE,0.0614844033715877,0.455431984480826,"PMDI","curr.aug"
"JUNI",-0.105972099357804,FALSE,-0.303035022039716,0.0934937519222465,"SP01","prev.apr"
"JUNI",-0.0377480340340746,FALSE,-0.20887964563429,0.13644278883856,"SP01","prev.may"
"JUNI",-0.0833363023690432,FALSE,-0.262087889540219,0.0836645112175028,"SP01","prev.jun"
"JUNI",-0.133036476352366,FALSE,-0.332589048612938,0.0480010996692285,"SP01","prev.jul"
"JUNI",0.000247638116973011,FALSE,-0.190337782285696,0.190672156433442,"SP01","prev.aug"
"JUNI",0.0359886275507845,FALSE,-0.136942785474583,0.210437046581993,"SP01","prev.sep"
"JUNI",-0.0344989657227954,FALSE,-0.218837644360604,0.176024864313622,"SP01","prev.oct"
"JUNI",0.0520505388669632,FALSE,-0.14044423478588,0.238991448003241,"SP01","prev.nov"
"JUNI",0.0873746552506005,FALSE,-0.0802226009278967,0.249940154785362,"SP01","prev.dec"
"JUNI",-0.160343412742206,FALSE,-0.329805350113023,0.0199268308803021,"SP01","curr.jan"
"JUNI",-0.0381719178780155,FALSE,-0.229508478945113,0.152136822115185,"SP01","curr.feb"
"JUNI",0.0188489808785979,FALSE,-0.159526090504192,0.20004600820125,"SP01","curr.mar"
"JUNI",0.0521274141953682,FALSE,-0.12436046552566,0.226690174891702,"SP01","curr.apr"
"JUNI",0.163940404685508,FALSE,-0.0324008366123905,0.339065260471223,"SP01","curr.may"
"JUNI",0.206244567145246,TRUE,0.0347019434761628,0.375570814346113,"SP01","curr.jun"
"JUNI",0.242350533646399,TRUE,0.0551650474572608,0.393563307816772,"SP01","curr.jul"
"JUNI",0.149445074058121,FALSE,-0.0561199569557181,0.338413645893863,"SP01","curr.aug"
"JUNI",-0.107924881956029,FALSE,-0.280271686896851,0.100971954222332,"SP02","prev.apr"
"JUNI",-0.0268931073304086,FALSE,-0.174687778200728,0.122561373931056,"SP02","prev.may"
"JUNI",-0.0321274104920015,FALSE,-0.146499827174423,0.0910194552824813,"SP02","prev.jun"
"JUNI",-0.145072999372376,FALSE,-0.337008617016809,0.0164335250458655,"SP02","prev.jul"
"JUNI",-0.057723417179461,FALSE,-0.260061900339923,0.105793111312768,"SP02","prev.aug"
"JUNI",0.0769966388723947,FALSE,-0.0619352479993644,0.219256067658007,"SP02","prev.sep"
"JUNI",-0.00941123546696221,FALSE,-0.192541687795724,0.15403301428935,"SP02","prev.oct"
"JUNI",-0.0376269390848746,FALSE,-0.185226578647788,0.111011158088528,"SP02","prev.nov"
"JUNI",0.126905056854855,FALSE,-0.0783744884768275,0.334183216469283,"SP02","prev.dec"
"JUNI",-0.0515658221914351,FALSE,-0.219636390308953,0.0977089218740076,"SP02","curr.jan"
"JUNI",-0.168497482984159,FALSE,-0.349705158581829,0.00482297837599319,"SP02","curr.feb"
"JUNI",0.0293796249625147,FALSE,-0.144655757915484,0.220894644721246,"SP02","curr.mar"
"JUNI",0.0730640685708682,FALSE,-0.114884223187079,0.267581532921707,"SP02","curr.apr"
"JUNI",0.0847269656100133,FALSE,-0.11287332946666,0.239135119776347,"SP02","curr.may"
"JUNI",0.14147575849014,FALSE,-0.00282806682319542,0.278785801921604,"SP02","curr.jun"
"JUNI",0.238775800536511,TRUE,0.0553568675405096,0.415697920321386,"SP02","curr.jul"
"JUNI",0.203838045144302,FALSE,-0.0142602281956266,0.363942105471334,"SP02","curr.aug"
"JUNI",-0.0133335316205705,FALSE,-0.200653059116502,0.180870895853575,"SP03","prev.apr"
"JUNI",-0.0329423331472358,FALSE,-0.230617910781182,0.162685402244624,"SP03","prev.may"
"JUNI",-0.0631960544652066,FALSE,-0.258291439300204,0.140918431384553,"SP03","prev.jun"
"JUNI",-0.0826988706995306,FALSE,-0.230212270103593,0.0698817495425808,"SP03","prev.jul"
"JUNI",-0.0415373626096519,FALSE,-0.227364122846791,0.118487901721594,"SP03","prev.aug"
"JUNI",0.0548194394263082,FALSE,-0.117562341160655,0.267634857230585,"SP03","prev.sep"
"JUNI",-0.0404419547100549,FALSE,-0.222296727774301,0.119519980422656,"SP03","prev.oct"
"JUNI",0.0305815612699266,FALSE,-0.0903755463840219,0.186284213848092,"SP03","prev.nov"
"JUNI",0.0156674785165743,FALSE,-0.17395891440779,0.185400013260125,"SP03","prev.dec"
"JUNI",0.0514290289797718,FALSE,-0.116723435819082,0.268959026738935,"SP03","curr.jan"
"JUNI",-0.128239270129712,FALSE,-0.322480128013707,0.0202327056550903,"SP03","curr.feb"
"JUNI",-0.0508221433929412,FALSE,-0.255758651883832,0.117658324537049,"SP03","curr.mar"
"JUNI",0.0164453064701501,FALSE,-0.163213121695755,0.19066749751159,"SP03","curr.apr"
"JUNI",0.144807614845819,FALSE,-0.0331146756268998,0.360792986708079,"SP03","curr.may"
"JUNI",-0.0075728139064924,FALSE,-0.190542749244954,0.19146434052791,"SP03","curr.jun"
"JUNI",0.163913114784095,FALSE,-0.0100435049431756,0.310945868372886,"SP03","curr.jul"
"JUNI",0.335583899032073,TRUE,0.103000762227642,0.536890367582554,"SP03","curr.aug"
"JUNI",0.07098466964913,FALSE,-0.119888062875987,0.276337417568628,"SP06","prev.apr"
"JUNI",0.00560352459520924,FALSE,-0.154341231384083,0.128039871766153,"SP06","prev.may"
"JUNI",-0.0491588421239082,FALSE,-0.195190274587193,0.0950890463837524,"SP06","prev.jun"
"JUNI",-0.109374760317662,FALSE,-0.260749063243892,0.0287819170844613,"SP06","prev.jul"
"JUNI",-0.0877795955572533,FALSE,-0.282843875700586,0.101369949387625,"SP06","prev.aug"
"JUNI",-0.0166988684943905,FALSE,-0.171927201924119,0.179706598589553,"SP06","prev.sep"
"JUNI",-0.0165150184962447,FALSE,-0.182317799473775,0.0959732465419203,"SP06","prev.oct"
"JUNI",0.0479701058430195,FALSE,-0.0995696947212932,0.214175455313752,"SP06","prev.nov"
"JUNI",0.0881015376107698,FALSE,-0.0321402465454225,0.210172405922256,"SP06","prev.dec"
"JUNI",0.0237868753395031,FALSE,-0.0962766871920566,0.163905035991996,"SP06","curr.jan"
"JUNI",-0.0264285873640262,FALSE,-0.158850757655015,0.124969045445811,"SP06","curr.feb"
"JUNI",-0.0656343111481321,FALSE,-0.310909512756476,0.120067113328654,"SP06","curr.mar"
"JUNI",-0.0989578021689445,FALSE,-0.246202634883094,0.172147736092081,"SP06","curr.apr"
"JUNI",-0.0825255154293611,FALSE,-0.253748044091057,0.0638104954706333,"SP06","curr.may"
"JUNI",-0.0820820510119634,FALSE,-0.297047873016971,0.102470498655789,"SP06","curr.jun"
"JUNI",0.18201790070442,TRUE,0.0352667991231204,0.303734308451754,"SP06","curr.jul"
"JUNI",0.425279058856899,TRUE,0.200368123580986,0.657307319216594,"SP06","curr.aug"
"JUNI",0.00433496312580565,FALSE,-0.167304111948146,0.195579736457696,"SP09","prev.apr"
"JUNI",0.0607687077422386,FALSE,-0.0793362140212804,0.220889046581157,"SP09","prev.may"
"JUNI",-0.0291298304163847,FALSE,-0.232246279218556,0.225288523685363,"SP09","prev.jun"
"JUNI",-0.141844762730175,FALSE,-0.402102075344134,0.0449193988569658,"SP09","prev.jul"
"JUNI",-0.0770699835210014,FALSE,-0.261401895775185,0.093315388411098,"SP09","prev.aug"
"JUNI",-0.0250393141872313,FALSE,-0.212872618317913,0.204474483125454,"SP09","prev.sep"
"JUNI",0.0226508948084903,FALSE,-0.160413865390103,0.208694823144064,"SP09","prev.oct"
"JUNI",0.0822852534955846,FALSE,-0.0962437489612577,0.258946567868726,"SP09","prev.nov"
"JUNI",0.156283084775638,FALSE,-0.0811634371923593,0.401913967332862,"SP09","prev.dec"
"JUNI",0.0583462512187133,FALSE,-0.148914419446485,0.25392012818414,"SP09","curr.jan"
"JUNI",-0.0630186526367337,FALSE,-0.266232163732161,0.145995537029557,"SP09","curr.feb"
"JUNI",-0.0735817376201596,FALSE,-0.252106834739733,0.118824329239216,"SP09","curr.mar"
"JUNI",-0.155968268037516,FALSE,-0.345253107455074,0.0759829563361118,"SP09","curr.apr"
"JUNI",-0.080994585453842,FALSE,-0.30993404105832,0.13967873686424,"SP09","curr.may"
"JUNI",-0.048747026539694,FALSE,-0.295848804046871,0.179190199235241,"SP09","curr.jun"
"JUNI",0.188382047687469,TRUE,0.0237611911800942,0.359581079736379,"SP09","curr.jul"
"JUNI",0.308550155475341,TRUE,0.0746873584216814,0.521149926527115,"SP09","curr.aug"
"JUNI",-0.171617841700594,FALSE,-0.426991586948422,0.127772007045744,"SP12","prev.apr"
"JUNI",-0.0237902160977557,FALSE,-0.18584095838809,0.119337871333594,"SP12","prev.may"
"JUNI",0.0743006900598818,FALSE,-0.126719671214122,0.255032259981484,"SP12","prev.jun"
"JUNI",0.0230046023232815,FALSE,-0.158116955349412,0.230568484368702,"SP12","prev.jul"
"JUNI",0.0401889922145147,FALSE,-0.162862910420181,0.230147842178483,"SP12","prev.aug"
"JUNI",0.130217437562228,FALSE,-0.0972621657920565,0.405756761395496,"SP12","prev.sep"
"JUNI",0.0941816261932985,FALSE,-0.105784467698373,0.243577962823834,"SP12","prev.oct"
"JUNI",0.0045388285647955,FALSE,-0.137856890730212,0.137216283000661,"SP12","prev.nov"
"JUNI",-0.036406701126596,FALSE,-0.159832685597325,0.084848733271702,"SP12","prev.dec"
"JUNI",-0.14459729904981,FALSE,-0.274228580905857,0.000463720887603918,"SP12","curr.jan"
"JUNI",-0.157412165157616,FALSE,-0.321059203806744,0.00788055365058958,"SP12","curr.feb"
"JUNI",-0.128660445005408,FALSE,-0.298710584521181,0.0681781207025981,"SP12","curr.mar"
"JUNI",-0.130075919798268,FALSE,-0.296171521104151,0.0487052439789689,"SP12","curr.apr"
"JUNI",-0.0847361314102591,FALSE,-0.304384396249157,0.0956010268527016,"SP12","curr.may"
"JUNI",0.0161611717126244,FALSE,-0.225683818017534,0.199216954297911,"SP12","curr.jun"
"JUNI",0.219910925725679,TRUE,0.0649308127558538,0.345598088261362,"SP12","curr.jul"
"JUNI",0.453585365563899,TRUE,0.0971114918232472,0.756453327949445,"SP12","curr.aug"
"JUNI",-0.00417302329512279,FALSE,-0.173368461145269,0.244283308169105,"SP24","prev.apr"
"JUNI",0.0268955741802424,FALSE,-0.0844625694970776,0.165230619121807,"SP24","prev.may"
"JUNI",0.00624972134658106,FALSE,-0.180189267661423,0.10096686330697,"SP24","prev.jun"
"JUNI",0.0109409470962456,FALSE,-0.200526653871392,0.098817683154564,"SP24","prev.jul"
"JUNI",0.077818870751592,FALSE,-0.155849277786033,0.228908735184426,"SP24","prev.aug"
"JUNI",0.0491100581965698,FALSE,-0.207734802970035,0.250145196217402,"SP24","prev.sep"
"JUNI",-0.000237750796026089,FALSE,-0.144864373077755,0.199194588381133,"SP24","prev.oct"
"JUNI",-0.0657199508531382,FALSE,-0.177189363547776,0.156649916748628,"SP24","prev.nov"
"JUNI",-0.0764531684578547,FALSE,-0.183698092005929,0.197566391521575,"SP24","prev.dec"
"JUNI",-0.11395533009537,FALSE,-0.249202550361652,0.068461562650268,"SP24","curr.jan"
"JUNI",-0.114181836042237,FALSE,-0.251315186159132,0.0650156058474066,"SP24","curr.feb"
"JUNI",-0.144651286076237,TRUE,-0.283070099698088,-0.00135047785210981,"SP24","curr.mar"
"JUNI",-0.168579052982212,FALSE,-0.389898380451643,0.0202199134992593,"SP24","curr.apr"
"JUNI",-0.0472815588318255,FALSE,-0.307821472159247,0.0685454306881164,"SP24","curr.may"
"JUNI",0.0701773774622079,FALSE,-0.149823443572851,0.179797055582735,"SP24","curr.jun"
"JUNI",0.182351553420858,TRUE,0.0223787608058533,0.322186328192661,"SP24","curr.jul"
"JUNI",0.327960860282884,FALSE,0.0580693835511821,0.720791555587496,"SP24","curr.aug"
"JUNI",-0.0590075518509297,FALSE,-0.258630613056743,0.12164843331636,"TMIN","prev.apr"
"JUNI",0.0722440359052105,FALSE,-0.104049974276275,0.259206783741019,"TMIN","prev.may"
"JUNI",-0.035747889735423,FALSE,-0.243457360427906,0.165986746079972,"TMIN","prev.jun"
"JUNI",0.0774159223441396,FALSE,-0.0999216891779615,0.271923205865184,"TMIN","prev.jul"
"JUNI",-0.0359978769646045,FALSE,-0.232936182666013,0.144560903807661,"TMIN","prev.aug"
"JUNI",-0.0169612257153109,FALSE,-0.188072253321798,0.179332915617378,"TMIN","prev.sep"
"JUNI",0.0456968467054562,FALSE,-0.141687396244527,0.228290172549119,"TMIN","prev.oct"
"JUNI",0.0327194526411706,FALSE,-0.159160353625657,0.214253279210437,"TMIN","prev.nov"
"JUNI",0.0493513621256376,FALSE,-0.114080805069911,0.213032959384929,"TMIN","prev.dec"
"JUNI",0.0972729999316154,FALSE,-0.076551550904571,0.246917500170611,"TMIN","curr.jan"
"JUNI",0.0236037659686324,FALSE,-0.141076866188461,0.223961515061611,"TMIN","curr.feb"
"JUNI",-0.0637375588854778,FALSE,-0.258603788335434,0.106494147302585,"TMIN","curr.mar"
"JUNI",0.036909051383337,FALSE,-0.142761557018002,0.223559542538293,"TMIN","curr.apr"
"JUNI",0.00718164952350852,FALSE,-0.180297769710988,0.198688995117117,"TMIN","curr.may"
"JUNI",-0.041645996087173,FALSE,-0.220679233568484,0.13200955420517,"TMIN","curr.jun"
"JUNI",0.0559117180024687,FALSE,-0.145806992817789,0.243454613329481,"TMIN","curr.jul"
"JUNI",0.00819123103123242,FALSE,-0.166027412263601,0.185428135743902,"TMIN","curr.aug"
"JUNI",-0.0338786264807737,FALSE,-0.236671106427098,0.173994834658426,"TMAX","prev.apr"
"JUNI",0.140408384907812,FALSE,-0.0610476595768083,0.351489130801923,"TMAX","prev.may"
"JUNI",0.00954345800681879,FALSE,-0.1969813943856,0.200991272691736,"TMAX","prev.jun"
"JUNI",0.153933690292531,FALSE,0.00103788552597809,0.345774683077214,"TMAX","prev.jul"
"JUNI",-0.0537499907281733,FALSE,-0.250635768041205,0.134449402003841,"TMAX","prev.aug"
"JUNI",-0.00285144023366276,FALSE,-0.234635381627322,0.168045075600215,"TMAX","prev.sep"
"JUNI",-0.00243903632811933,FALSE,-0.191582281290331,0.152344638826626,"TMAX","prev.oct"
"JUNI",0.0367338794387397,FALSE,-0.152567131729933,0.223704054909738,"TMAX","prev.nov"
"JUNI",-0.0415634135859873,FALSE,-0.228733085047682,0.154804923477087,"TMAX","prev.dec"
"JUNI",0.162514837395656,FALSE,-0.0163907755730893,0.373392284286935,"TMAX","curr.jan"
"JUNI",0.0174547400330133,FALSE,-0.187436348747068,0.229103706492132,"TMAX","curr.feb"
"JUNI",-0.143899610940342,FALSE,-0.319445523389062,0.0268456109572837,"TMAX","curr.mar"
"JUNI",0.0759108574911278,FALSE,-0.107668496444284,0.270787417420154,"TMAX","curr.apr"
"JUNI",0.0404084415546972,FALSE,-0.146396815477427,0.230953544352472,"TMAX","curr.may"
"JUNI",-0.195318423203063,FALSE,-0.373669807944951,0.00520312059804955,"TMAX","curr.jun"
"JUNI",-0.110694039109713,FALSE,-0.288633795026922,0.100647767217805,"TMAX","curr.jul"
"JUNI",-0.119884933781357,FALSE,-0.323156280514101,0.0331657761804724,"TMAX","curr.aug"
"JUNI",-0.0202264347414798,FALSE,-0.241337597740532,0.161108369051404,"PDSI_prewhiten","prev.apr"
"JUNI",-0.0807862116207763,FALSE,-0.281598282164795,0.0898537080728771,"PDSI_prewhiten","prev.may"
"JUNI",0.00206947531922839,FALSE,-0.212833143103119,0.2030260207126,"PDSI_prewhiten","prev.jun"
"JUNI",-0.0432232441151011,FALSE,-0.225043892727401,0.135821237788599,"PDSI_prewhiten","prev.jul"
"JUNI",0.0611511240074489,FALSE,-0.125547288885305,0.220184017539974,"PDSI_prewhiten","prev.aug"
"JUNI",0.08899911675844,FALSE,-0.0859349856001036,0.246379902482401,"PDSI_prewhiten","prev.sep"
"JUNI",0.0106638476117232,FALSE,-0.195160080261853,0.222802131568585,"PDSI_prewhiten","prev.oct"
"JUNI",-0.0361293023869373,FALSE,-0.230386835983505,0.15711678357373,"PDSI_prewhiten","prev.nov"
"JUNI",0.0396469456455718,FALSE,-0.141215280431884,0.203841035816581,"PDSI_prewhiten","prev.dec"
"JUNI",-0.0533093515480829,FALSE,-0.248657508040253,0.133169644688331,"PDSI_prewhiten","curr.jan"
"JUNI",-0.0404522282578776,FALSE,-0.227940033391781,0.132379881863255,"PDSI_prewhiten","curr.feb"
"JUNI",0.124925963070817,FALSE,-0.0732254215209507,0.293919009668458,"PDSI_prewhiten","curr.mar"
"JUNI",0.0479118675167143,FALSE,-0.139394580908165,0.234138813461278,"PDSI_prewhiten","curr.apr"
"JUNI",0.115738827758113,FALSE,-0.078444444544523,0.314199087540103,"PDSI_prewhiten","curr.may"
"JUNI",0.156881090608495,FALSE,-0.0126844238470218,0.330313975801606,"PDSI_prewhiten","curr.jun"
"JUNI",0.192542844455682,TRUE,0.0598398552587007,0.334567170490027,"PDSI_prewhiten","curr.jul"
"JUNI",0.0780037509159915,FALSE,-0.126022696415614,0.260728269560382,"PDSI_prewhiten","curr.aug"
"JUNI",-0.0338034572745559,FALSE,-0.223093301012994,0.147268231871216,"PHDI_prewhiten","prev.apr"
"JUNI",-0.0626717856688989,FALSE,-0.266502012380229,0.114742781330204,"PHDI_prewhiten","prev.may"
"JUNI",-0.0855095388599808,FALSE,-0.275645522756649,0.101367986385665,"PHDI_prewhiten","prev.jun"
"JUNI",-0.169112137153505,FALSE,-0.369893316095251,0.0479901265126374,"PHDI_prewhiten","prev.jul"
"JUNI",0.0647683709504266,FALSE,-0.117089166160958,0.244235774739951,"PHDI_prewhiten","prev.aug"
"JUNI",0.0678044763647882,FALSE,-0.0985561876671688,0.249549674833166,"PHDI_prewhiten","prev.sep"
"JUNI",-0.0458487524496609,FALSE,-0.261264985695718,0.150280895737275,"PHDI_prewhiten","prev.oct"
"JUNI",0.0336688389647302,FALSE,-0.180617778709831,0.252788521923782,"PHDI_prewhiten","prev.nov"
"JUNI",0.106104236402219,FALSE,-0.0853920849065914,0.258019759157906,"PHDI_prewhiten","prev.dec"
"JUNI",-0.0759572560013043,FALSE,-0.290927204759481,0.131864376285977,"PHDI_prewhiten","curr.jan"
"JUNI",-0.0232595568312759,FALSE,-0.210896447278913,0.140801394625294,"PHDI_prewhiten","curr.feb"
"JUNI",-0.00464150813941152,FALSE,-0.195164117976342,0.195740799704227,"PHDI_prewhiten","curr.mar"
"JUNI",0.0533449613613213,FALSE,-0.159626903472099,0.259748759626073,"PHDI_prewhiten","curr.apr"
"JUNI",0.0999128793341652,FALSE,-0.106736309000602,0.289027537880026,"PHDI_prewhiten","curr.may"
"JUNI",0.158339656281112,FALSE,0.00193180694070102,0.32697986587823,"PHDI_prewhiten","curr.jun"
"JUNI",0.214033624512179,TRUE,0.0396272623868634,0.367461303512807,"PHDI_prewhiten","curr.jul"
"JUNI",0.135220783520699,FALSE,-0.0471955081030351,0.303089436143683,"PHDI_prewhiten","curr.aug"
"JUNI",-0.053551229705917,FALSE,-0.288838026498761,0.198105754805449,"PMDI_prewhiten","prev.apr"
"JUNI",-0.0231577140516663,FALSE,-0.226061143146141,0.159703030461642,"PMDI_prewhiten","prev.may"
"JUNI",-0.0272877607828835,FALSE,-0.217885502552643,0.128388963461718,"PMDI_prewhiten","prev.jun"
"JUNI",-0.157965119556325,FALSE,-0.375067081152094,0.053540936831665,"PMDI_prewhiten","prev.jul"
"JUNI",0.030217007436581,FALSE,-0.166575567922852,0.218117914366532,"PMDI_prewhiten","prev.aug"
"JUNI",0.0692395666686554,FALSE,-0.108698044542145,0.250868240205453,"PMDI_prewhiten","prev.sep"
"JUNI",-0.039564825268465,FALSE,-0.249294897487128,0.163348261430354,"PMDI_prewhiten","prev.oct"
"JUNI",-0.000306971981852316,FALSE,-0.176022579847127,0.205469808091092,"PMDI_prewhiten","prev.nov"
"JUNI",0.0976822382988548,FALSE,-0.0906424433771873,0.253046945389856,"PMDI_prewhiten","prev.dec"
"JUNI",-0.133360258782762,FALSE,-0.33143375733369,0.0574207163445434,"PMDI_prewhiten","curr.jan"
"JUNI",-0.017972608216687,FALSE,-0.219828272549897,0.150212755460715,"PMDI_prewhiten","curr.feb"
"JUNI",0.0522284699956724,FALSE,-0.149890542800038,0.229210509874035,"PMDI_prewhiten","curr.mar"
"JUNI",0.0107755117971385,FALSE,-0.165667472486132,0.225867752733942,"PMDI_prewhiten","curr.apr"
"JUNI",0.126672777841219,FALSE,-0.0856408229844427,0.310416590797094,"PMDI_prewhiten","curr.may"
"JUNI",0.164793947266829,FALSE,-0.00484600233002545,0.359309904426268,"PMDI_prewhiten","curr.jun"
"JUNI",0.233672115529735,TRUE,0.0656557067778954,0.405878753516744,"PMDI_prewhiten","curr.jul"
"JUNI",0.0921759296889138,FALSE,-0.0752608544958591,0.283143539802617,"PMDI_prewhiten","curr.aug"
"LITU",-0.046966243227744,FALSE,-0.222498291902901,0.133929697999465,"PCP","prev.apr"
"LITU",-0.149603609040741,FALSE,-0.33418430476142,0.0427794525577751,"PCP","prev.may"
"LITU",0.0195024846196217,FALSE,-0.164867066413149,0.225512126595218,"PCP","prev.jun"
"LITU",0.0200114436045674,FALSE,-0.161895309095543,0.198311261459491,"PCP","prev.jul"
"LITU",0.164337865936437,FALSE,-0.024628875546405,0.345357809985851,"PCP","prev.aug"
"LITU",0.129465014791362,FALSE,-0.0476662801314097,0.284385589530623,"PCP","prev.sep"
"LITU",-0.0490835930227036,FALSE,-0.224471063321323,0.161620937848283,"PCP","prev.oct"
"LITU",0.0758939187278518,FALSE,-0.13627239838583,0.264893690592267,"PCP","prev.nov"
"LITU",0.08472300428161,FALSE,-0.147071758932622,0.263467013064229,"PCP","prev.dec"
"LITU",-0.149163089251753,FALSE,-0.32529126624687,0.0508361767959758,"PCP","curr.jan"
"LITU",-0.0525204089570074,FALSE,-0.251296499843758,0.134834047284735,"PCP","curr.feb"
"LITU",-0.0406989431708732,FALSE,-0.250111210276611,0.205302058737153,"PCP","curr.mar"
"LITU",0.143319013046426,FALSE,-0.0386298293880397,0.30584491311798,"PCP","curr.apr"
"LITU",0.288271435763751,TRUE,0.090785788465018,0.451657617073573,"PCP","curr.may"
"LITU",0.195287888692912,FALSE,-0.00344310478617673,0.384771181119116,"PCP","curr.jun"
"LITU",0.209187568177096,TRUE,0.0130358378384497,0.372936042186746,"PCP","curr.jul"
"LITU",0.140769912861894,FALSE,-0.0680389198425607,0.325834201091763,"PCP","curr.aug"
"LITU",0.0138686421119212,FALSE,-0.157095851560297,0.185449810974477,"TAVG","prev.apr"
"LITU",0.0187087112880494,FALSE,-0.165390908847488,0.256336344545612,"TAVG","prev.may"
"LITU",-0.0416476116941958,FALSE,-0.253218422833622,0.153629955241488,"TAVG","prev.jun"
"LITU",-0.0129421961016162,FALSE,-0.197878791264072,0.160808714896858,"TAVG","prev.jul"
"LITU",0.0286197457867166,FALSE,-0.181347582700223,0.221509913877958,"TAVG","prev.aug"
"LITU",-0.0273342255274452,FALSE,-0.234816855901774,0.149927551267556,"TAVG","prev.sep"
"LITU",0.00187535704292709,FALSE,-0.192683257672954,0.201717208326705,"TAVG","prev.oct"
"LITU",-0.0878123095205198,FALSE,-0.244627777928575,0.0635679102412611,"TAVG","prev.nov"
"LITU",0.012719061452317,FALSE,-0.178748992137853,0.202362746224348,"TAVG","prev.dec"
"LITU",0.0829952519017275,FALSE,-0.0850442609259972,0.288142457444799,"TAVG","curr.jan"
"LITU",-0.0683458901114792,FALSE,-0.267483835812664,0.114484818741906,"TAVG","curr.feb"
"LITU",-0.00261313286961124,FALSE,-0.20396514028188,0.210830581709372,"TAVG","curr.mar"
"LITU",0.114531635361009,FALSE,-0.0649407999933746,0.301965307741165,"TAVG","curr.apr"
"LITU",-0.155084276377396,FALSE,-0.332250469039205,0.0170039396426026,"TAVG","curr.may"
"LITU",-0.193721016632841,FALSE,-0.384497403422028,0.0072122219465675,"TAVG","curr.jun"
"LITU",-0.0442080858365051,FALSE,-0.24351747657908,0.191364955556994,"TAVG","curr.jul"
"LITU",-0.0789532936430383,FALSE,-0.24809914995767,0.096804973891734,"TAVG","curr.aug"
"LITU",-0.0646194031061611,FALSE,-0.265406520280964,0.117501104811099,"PDSI","prev.apr"
"LITU",-0.12697828373058,FALSE,-0.293159893719817,0.0114128330892445,"PDSI","prev.may"
"LITU",-0.134076734207377,FALSE,-0.313561226520754,0.0326576707048522,"PDSI","prev.jun"
"LITU",0.0397099793657364,FALSE,-0.0978004498684514,0.160229633626856,"PDSI","prev.jul"
"LITU",0.116565984192987,FALSE,-0.0536169742005605,0.276213925577203,"PDSI","prev.aug"
"LITU",0.194094934154765,FALSE,-0.00997135198138038,0.411593144636191,"PDSI","prev.sep"
"LITU",0.0237834278721855,FALSE,-0.135173231607846,0.190639617383644,"PDSI","prev.oct"
"LITU",-0.0351509927808244,FALSE,-0.183399948468728,0.120228557443831,"PDSI","prev.nov"
"LITU",-0.00891142672300948,FALSE,-0.16332396144089,0.117036743524726,"PDSI","prev.dec"
"LITU",-0.0316798986470052,FALSE,-0.196905421772594,0.131668637876893,"PDSI","curr.jan"
"LITU",-0.0549628443145926,FALSE,-0.184314186523249,0.0566200489119966,"PDSI","curr.feb"
"LITU",-0.0811191586566694,FALSE,-0.260546287260922,0.109312877888231,"PDSI","curr.mar"
"LITU",-0.0319649533550673,FALSE,-0.198752941067945,0.182282584132134,"PDSI","curr.apr"
"LITU",0.104088098673561,FALSE,-0.0605096379701326,0.261574759030763,"PDSI","curr.may"
"LITU",0.161958341312746,FALSE,-0.0232000009963261,0.299533730033018,"PDSI","curr.jun"
"LITU",0.173424708990104,TRUE,0.0653408256289539,0.286621507981434,"PDSI","curr.jul"
"LITU",0.119415670375229,FALSE,-0.0416770579748495,0.273468671374946,"PDSI","curr.aug"
"LITU",0.0201355457913035,FALSE,-0.198748889046523,0.254910899394582,"PHDI","prev.apr"
"LITU",-0.0470584919641832,FALSE,-0.194523645266093,0.0787671661570922,"PHDI","prev.may"
"LITU",-0.145474039574732,FALSE,-0.300026386069831,0.00963800208820731,"PHDI","prev.jun"
"LITU",-0.113805655509593,FALSE,-0.277825775543112,0.0539844797729485,"PHDI","prev.jul"
"LITU",0.0340190467074701,FALSE,-0.130806018777808,0.191654592704344,"PHDI","prev.aug"
"LITU",0.100080651809474,FALSE,-0.0703074178632411,0.329162767179012,"PHDI","prev.sep"
"LITU",0.104975401729772,FALSE,-0.0353463271466172,0.233701172777357,"PHDI","prev.oct"
"LITU",0.0472048968978014,FALSE,-0.105239542035082,0.188149413722293,"PHDI","prev.nov"
"LITU",0.0269839316479697,FALSE,-0.110107512960058,0.164179905439162,"PHDI","prev.dec"
"LITU",-0.0165835624808483,FALSE,-0.138734935890265,0.10246107812212,"PHDI","curr.jan"
"LITU",-0.0431518647906875,FALSE,-0.181514165897974,0.0964651851800796,"PHDI","curr.feb"
"LITU",-0.112087424325243,FALSE,-0.299421994152163,0.0857894210975289,"PHDI","curr.mar"
"LITU",-0.176200740853469,FALSE,-0.351939889367035,0.00375830233076033,"PHDI","curr.apr"
"LITU",-0.00864343272595281,FALSE,-0.166249130060802,0.156592326077596,"PHDI","curr.may"
"LITU",0.108841822894584,FALSE,-0.0681661542432497,0.259669913680342,"PHDI","curr.jun"
"LITU",0.238051275586014,TRUE,0.113130410320321,0.358144194411154,"PHDI","curr.jul"
"LITU",0.305621879348601,TRUE,0.0900644449939693,0.524467058155781,"PHDI","curr.aug"
"LITU",-0.0368121751025692,FALSE,-0.200701524312883,0.127527684576872,"ZNDX","prev.apr"
"LITU",-0.172164013277365,FALSE,-0.357115793264313,0.025226053361395,"ZNDX","prev.may"
"LITU",0.000435045825215448,FALSE,-0.18223299187169,0.185587224228404,"ZNDX","prev.jun"
"LITU",0.00935118661789463,FALSE,-0.201509779056477,0.182382387970347,"ZNDX","prev.jul"
"LITU",0.120200781146806,FALSE,-0.0433137062908617,0.296013754747174,"ZNDX","prev.aug"
"LITU",0.122820947257288,FALSE,-0.051386704060075,0.272127067409421,"ZNDX","prev.sep"
"LITU",-0.0271391249446647,FALSE,-0.207187019658399,0.160995117588519,"ZNDX","prev.oct"
"LITU",0.0917102130405191,FALSE,-0.0790165029979587,0.259459218478669,"ZNDX","prev.nov"
"LITU",0.115580593554275,FALSE,-0.109541019744063,0.279365610620931,"ZNDX","prev.dec"
"LITU",-0.124086108787817,FALSE,-0.292662468738487,0.0686050064212345,"ZNDX","curr.jan"
"LITU",-0.047587264618197,FALSE,-0.25266073888113,0.134552068222938,"ZNDX","curr.feb"
"LITU",-0.0367203190123113,FALSE,-0.261078298147578,0.217703684263405,"ZNDX","curr.mar"
"LITU",0.108046185535265,FALSE,-0.0579573766708494,0.258995311188167,"ZNDX","curr.apr"
"LITU",0.277842522798068,TRUE,0.103805420573774,0.432160222763362,"ZNDX","curr.may"
"LITU",0.167913407269799,FALSE,0.00541697334172398,0.360808242843056,"ZNDX","curr.jun"
"LITU",0.223115302817736,TRUE,0.0219732635841566,0.373153128026045,"ZNDX","curr.jul"
"LITU",0.146903122668226,FALSE,-0.0360085832968449,0.320240472794356,"ZNDX","curr.aug"
"LITU",0.0231517190608971,FALSE,-0.168996518344685,0.243120418765862,"PMDI","prev.apr"
"LITU",-0.100449029446203,FALSE,-0.281503734647461,0.0245950955356576,"PMDI","prev.may"
"LITU",-0.135160483806947,FALSE,-0.277062031341674,0.0155254640028759,"PMDI","prev.jun"
"LITU",-0.0912517023145406,FALSE,-0.262277866876232,0.0528700273023269,"PMDI","prev.jul"
"LITU",0.071345542036723,FALSE,-0.0940570556214804,0.209027320386743,"PMDI","prev.aug"
"LITU",0.150830535083912,FALSE,0.00157912901319396,0.318868740805287,"PMDI","prev.sep"
"LITU",0.0897401350804147,FALSE,-0.0487150729785133,0.222765953227056,"PMDI","prev.oct"
"LITU",0.0296424616666503,FALSE,-0.0973788314172651,0.170182282210548,"PMDI","prev.nov"
"LITU",0.0162460812750865,FALSE,-0.0878852387837502,0.133406783240682,"PMDI","prev.dec"
"LITU",-0.0227351945788407,FALSE,-0.190619323032106,0.13266439353859,"PMDI","curr.jan"
"LITU",-0.0579755191524932,FALSE,-0.228315095889199,0.065895451581288,"PMDI","curr.feb"
"LITU",-0.14358615140586,FALSE,-0.342457944666247,0.0336089703917811,"PMDI","curr.mar"
"LITU",-0.0931543105901411,FALSE,-0.263671889613207,0.0850654641797159,"PMDI","curr.apr"
"LITU",0.0864540593669287,FALSE,-0.084144985144092,0.315648021123146,"PMDI","curr.may"
"LITU",0.155103182327061,FALSE,-0.0395907204373722,0.27505379005669,"PMDI","curr.jun"
"LITU",0.235005130910792,TRUE,0.115457680878494,0.344702219795241,"PMDI","curr.jul"
"LITU",0.194906765959422,FALSE,-0.021513494265196,0.400529976916318,"PMDI","curr.aug"
"LITU",-0.033001697836538,FALSE,-0.196504421723003,0.133773681706209,"SP01","prev.apr"
"LITU",-0.166669922938935,FALSE,-0.348005353702364,0.0173265278596605,"SP01","prev.may"
"LITU",0.0234736203883761,FALSE,-0.136809762983765,0.197698693274941,"SP01","prev.jun"
"LITU",0.0291674091537104,FALSE,-0.171136675970848,0.228444980078972,"SP01","prev.jul"
"LITU",0.135262065041691,FALSE,-0.0307378176978832,0.319391431177247,"SP01","prev.aug"
"LITU",0.146935784994733,FALSE,-0.0298898923976351,0.303090146667235,"SP01","prev.sep"
"LITU",-0.0144723364460911,FALSE,-0.186845518505744,0.182307978531372,"SP01","prev.oct"
"LITU",0.0990658314539715,FALSE,-0.0997221239109697,0.263045712024157,"SP01","prev.nov"
"LITU",0.0545273003376924,FALSE,-0.161388296453765,0.217287192907197,"SP01","prev.dec"
"LITU",-0.183380720055271,TRUE,-0.344630826237903,-0.00177633587242475,"SP01","curr.jan"
"LITU",-0.0468308261834722,FALSE,-0.248385523205221,0.121937351077208,"SP01","curr.feb"
"LITU",-0.0374999085862007,FALSE,-0.256815664318062,0.178361429210786,"SP01","curr.mar"
"LITU",0.136259804056845,FALSE,-0.0481933963147055,0.2859109066582,"SP01","curr.apr"
"LITU",0.288031018185703,TRUE,0.109260677743888,0.457437299603526,"SP01","curr.may"
"LITU",0.225341245662691,TRUE,0.0434045093457046,0.425129904645405,"SP01","curr.jun"
"LITU",0.189769718209708,FALSE,-0.0012657726624219,0.363702939108981,"SP01","curr.jul"
"LITU",0.157065817872425,FALSE,-0.0234907323332287,0.324871595645596,"SP01","curr.aug"
"LITU",-0.111120670479868,FALSE,-0.269801849962436,0.073662628592629,"SP02","prev.apr"
"LITU",-0.0964913939064181,FALSE,-0.240256301176314,0.0355658971152699,"SP02","prev.may"
"LITU",-0.0938940734341399,FALSE,-0.222157960692674,0.0214298271897341,"SP02","prev.jun"
"LITU",-0.0029375358534214,FALSE,-0.157499415961175,0.14802217629373,"SP02","prev.jul"
"LITU",0.100022305163712,FALSE,-0.0888775061157359,0.245211801612293,"SP02","prev.aug"
"LITU",0.158198179139021,TRUE,0.0288725122878885,0.296672361263308,"SP02","prev.sep"
"LITU",0.0308628175490506,FALSE,-0.116319056805695,0.170277837118988,"SP02","prev.oct"
"LITU",0.0166795550892184,FALSE,-0.127875139449262,0.150825211062231,"SP02","prev.nov"
"LITU",0.124227313149267,FALSE,-0.0547412965291973,0.286155626360508,"SP02","prev.dec"
"LITU",-0.102753580233907,FALSE,-0.25684334934459,0.0404799470429539,"SP02","curr.jan"
"LITU",-0.139432805760979,FALSE,-0.293108006609374,0.0344367755899672,"SP02","curr.feb"
"LITU",0.0193938176115253,FALSE,-0.160024608013782,0.195584920318568,"SP02","curr.mar"
"LITU",0.0655815517321657,FALSE,-0.143738007029954,0.239251434264192,"SP02","curr.apr"
"LITU",0.242505704587188,TRUE,0.104330909773348,0.38060206156635,"SP02","curr.may"
"LITU",0.193030551752116,TRUE,0.0640813836964908,0.312813995222021,"SP02","curr.jun"
"LITU",0.145641468811137,FALSE,-0.0370478162847203,0.304586820786782,"SP02","curr.jul"
"LITU",0.211406334970236,TRUE,0.0509711753517036,0.36623015087208,"SP02","curr.aug"
"LITU",-0.0106499834862896,FALSE,-0.180288112722593,0.183474224648194,"SP03","prev.apr"
"LITU",-0.1835466320447,FALSE,-0.409508368802788,-0.0315306923582965,"SP03","prev.may"
"LITU",-0.0342752580715053,FALSE,-0.180734572568482,0.157550854721514,"SP03","prev.jun"
"LITU",-0.112937792760693,FALSE,-0.304918639981964,0.0366460120636821,"SP03","prev.jul"
"LITU",0.130532052127667,FALSE,-0.0395050210838075,0.299654079854769,"SP03","prev.aug"
"LITU",0.113519781968868,FALSE,-0.0460250620187549,0.282199722040205,"SP03","prev.sep"
"LITU",0.0425539911045924,FALSE,-0.127685067746875,0.218383922860653,"SP03","prev.oct"
"LITU",0.0334907933247813,FALSE,-0.137858458295434,0.166610043856977,"SP03","prev.nov"
"LITU",0.0324037411829888,FALSE,-0.176842961434203,0.193121382956285,"SP03","prev.dec"
"LITU",0.0447227189327762,FALSE,-0.117392532171725,0.229594995470135,"SP03","curr.jan"
"LITU",-0.14588604095919,FALSE,-0.299330911786803,0.0243746671352802,"SP03","curr.feb"
"LITU",-0.0783095518485629,FALSE,-0.251618056393313,0.0781933130420079,"SP03","curr.mar"
"LITU",0.00288404855796317,FALSE,-0.165472368768953,0.191892865180009,"SP03","curr.apr"
"LITU",0.241457459178535,TRUE,0.0304641675410341,0.449222295395139,"SP03","curr.may"
"LITU",0.0812187884735794,FALSE,-0.0858208301954008,0.260727018375509,"SP03","curr.jun"
"LITU",0.184748892784936,TRUE,0.02948813739336,0.321098338655563,"SP03","curr.jul"
"LITU",0.237326837042412,TRUE,0.0476416186261741,0.427875368431868,"SP03","curr.aug"
"LITU",0.0475398031727369,FALSE,-0.1383766823143,0.252176202362252,"SP06","prev.apr"
"LITU",-0.112814981731712,FALSE,-0.274492334778538,-0.0100677344054915,"SP06","prev.may"
"LITU",-0.17173085207987,TRUE,-0.312981321259351,-0.0160422013298,"SP06","prev.jun"
"LITU",-0.131632311074435,FALSE,-0.317458702307835,0.0309509042984152,"SP06","prev.jul"
"LITU",0.0215418777097075,FALSE,-0.181936990576509,0.183989320824941,"SP06","prev.aug"
"LITU",0.101020498270576,FALSE,-0.0265063862888936,0.276106236483003,"SP06","prev.sep"
"LITU",0.00711128964697397,FALSE,-0.146754238716249,0.123522322929795,"SP06","prev.oct"
"LITU",0.121853746087119,FALSE,0.00664363179222519,0.279234208404599,"SP06","prev.nov"
"LITU",0.172923042561432,TRUE,0.0393773144523176,0.285637203717096,"SP06","prev.dec"
"LITU",0.0690013543825604,FALSE,-0.0864575942311081,0.208534196942577,"SP06","curr.jan"
"LITU",-0.0908157864310062,FALSE,-0.214089438386871,0.0395972492371737,"SP06","curr.feb"
"LITU",-0.178715486570737,FALSE,-0.38513251776811,-0.00953506924527111,"SP06","curr.mar"
"LITU",-0.0653251735495993,FALSE,-0.262525161795327,0.180676223185659,"SP06","curr.apr"
"LITU",-0.00237421569641588,FALSE,-0.147737712837273,0.14073327698744,"SP06","curr.may"
"LITU",-0.00466369059564453,FALSE,-0.187223781867998,0.16122190095475,"SP06","curr.jun"
"LITU",0.204645029837373,TRUE,0.0573605076410436,0.323827132307678,"SP06","curr.jul"
"LITU",0.347628882591862,TRUE,0.139071012349239,0.556957035158949,"SP06","curr.aug"
"LITU",-0.0542080074105464,FALSE,-0.257025454042509,0.181397757327709,"SP09","prev.apr"
"LITU",-0.00161548223078991,FALSE,-0.16154815455352,0.158843591261519,"SP09","prev.may"
"LITU",-0.0836401507647898,FALSE,-0.312722505422927,0.164998694353536,"SP09","prev.jun"
"LITU",-0.194836074367498,FALSE,-0.505090149495333,0.0230898220946621,"SP09","prev.jul"
"LITU",-0.056751228030933,FALSE,-0.239528169893264,0.110303868620537,"SP09","prev.aug"
"LITU",-0.00790362937032535,FALSE,-0.208681142351749,0.223031723406702,"SP09","prev.sep"
"LITU",0.0464879361622743,FALSE,-0.132182745835128,0.252837244193232,"SP09","prev.oct"
"LITU",0.103852067710731,FALSE,-0.0542654691789381,0.300608151158067,"SP09","prev.nov"
"LITU",0.20152538053335,FALSE,-0.0326964895972721,0.430042697010988,"SP09","prev.dec"
"LITU",0.111310548238084,FALSE,-0.109901588737747,0.305243413454053,"SP09","curr.jan"
"LITU",0.000468803867229702,FALSE,-0.183140819057276,0.165251682365416,"SP09","curr.feb"
"LITU",-0.040742927003472,FALSE,-0.220905797306091,0.114262242549844,"SP09","curr.mar"
"LITU",-0.151915283889247,FALSE,-0.363031334216205,0.0789196788330878,"SP09","curr.apr"
"LITU",-0.139352563724391,FALSE,-0.338111493245932,0.090463932815827,"SP09","curr.may"
"LITU",-0.0652087611799504,FALSE,-0.307633672106271,0.170251633547,"SP09","curr.jun"
"LITU",0.191375575667781,TRUE,0.0306043533017031,0.333073345839508,"SP09","curr.jul"
"LITU",0.327668802792827,TRUE,0.103338766242061,0.539622054767931,"SP09","curr.aug"
"LITU",-0.0366789182011738,FALSE,-0.243503125521511,0.210546355526984,"SP12","prev.apr"
"LITU",-0.0586945307171175,FALSE,-0.185404323222516,0.077502152302328,"SP12","prev.may"
"LITU",-0.0794476164573289,FALSE,-0.257470453164341,0.100809813305929,"SP12","prev.jun"
"LITU",-0.0692225208203889,FALSE,-0.251909665932617,0.0915436314695263,"SP12","prev.jul"
"LITU",0.119214016480541,FALSE,-0.0547776111206051,0.2629510727177,"SP12","prev.aug"
"LITU",0.165604923135056,FALSE,-0.0199079982275701,0.358475319060541,"SP12","prev.sep"
"LITU",0.0315812169270795,FALSE,-0.142581654407692,0.175040759536636,"SP12","prev.oct"
"LITU",-0.0534430487175627,FALSE,-0.175379711550997,0.0729728133503375,"SP12","prev.nov"
"LITU",-0.0800260743669065,FALSE,-0.189329257440644,0.0430412341503971,"SP12","prev.dec"
"LITU",-0.0999326923679082,FALSE,-0.18136654580245,0.00480042021913732,"SP12","curr.jan"
"LITU",-0.104955867289158,FALSE,-0.217829632958837,0.00199436319106935,"SP12","curr.feb"
"LITU",-0.12400010301599,FALSE,-0.281610536666429,0.0297334989498718,"SP12","curr.mar"
"LITU",-0.0896523687897483,FALSE,-0.301482521426676,0.076121665316959,"SP12","curr.apr"
"LITU",0.0632465613974216,FALSE,-0.0877586420682741,0.202432675625752,"SP12","curr.may"
"LITU",0.172529599101492,FALSE,-0.00368147549464726,0.314180658818944,"SP12","curr.jun"
"LITU",0.251175080425918,TRUE,0.117046665627355,0.386681996088865,"SP12","curr.jul"
"LITU",0.212163663488821,FALSE,-0.014967374819306,0.46748206067175,"SP12","curr.aug"
"LITU",-0.0491102495389784,FALSE,-0.237061492059464,0.185266426556834,"SP24","prev.apr"
"LITU",-0.006916627686275,FALSE,-0.148932517026137,0.131908951210912,"SP24","prev.may"
"LITU",-0.00725574303505105,FALSE,-0.153423271914347,0.112968045308439,"SP24","prev.jun"
"LITU",0.0120761053306886,FALSE,-0.150640981442528,0.126417221866653,"SP24","prev.jul"
"LITU",0.102522959262627,FALSE,-0.0843994378068148,0.278017445148958,"SP24","prev.aug"
"LITU",0.102471192263175,FALSE,-0.0835045966171795,0.283461149406352,"SP24","prev.sep"
"LITU",0.0346037860730892,FALSE,-0.102526058345287,0.192940624262411,"SP24","prev.oct"
"LITU",-0.0376325184823317,FALSE,-0.161599262483866,0.10840978561801,"SP24","prev.nov"
"LITU",-0.0616204532257266,FALSE,-0.189920442772276,0.128119353978104,"SP24","prev.dec"
"LITU",-0.104392342771782,FALSE,-0.243173960494581,0.0231984672374916,"SP24","curr.jan"
"LITU",-0.113613090938751,TRUE,-0.228828089277968,-0.00166633673791417,"SP24","curr.feb"
"LITU",-0.135927222696574,TRUE,-0.267161238166089,-0.0129357368817876,"SP24","curr.mar"
"LITU",-0.151501751706273,FALSE,-0.316822475337693,-0.00910811595382621,"SP24","curr.apr"
"LITU",-0.0430973672378214,FALSE,-0.203008413539976,0.0640037442994182,"SP24","curr.may"
"LITU",0.0676624211256812,FALSE,-0.0807247036130817,0.179210126248164,"SP24","curr.jun"
"LITU",0.179881898478455,TRUE,0.0563343336687011,0.3010849059527,"SP24","curr.jul"
"LITU",0.298925356711406,TRUE,0.0672730297639251,0.588791979265064,"SP24","curr.aug"
"LITU",-0.0506307693344557,FALSE,-0.212904837944254,0.115210940358037,"TMIN","prev.apr"
"LITU",-0.0415714710782149,FALSE,-0.245041641586181,0.174934263918935,"TMIN","prev.may"
"LITU",-0.0355542595335705,FALSE,-0.208731709441405,0.166660317219566,"TMIN","prev.jun"
"LITU",-0.0192977485073434,FALSE,-0.201383560442678,0.173213830449024,"TMIN","prev.jul"
"LITU",0.0937060812036881,FALSE,-0.089777314472588,0.278022127628193,"TMIN","prev.aug"
"LITU",0.0655705820194632,FALSE,-0.123508184116556,0.23994971536835,"TMIN","prev.sep"
"LITU",0.0429627355043831,FALSE,-0.140919126586844,0.21485913615301,"TMIN","prev.oct"
"LITU",-0.0212546262530481,FALSE,-0.183249882619695,0.117497275872829,"TMIN","prev.nov"
"LITU",0.0587311614693404,FALSE,-0.140283238573664,0.251204722430365,"TMIN","prev.dec"
"LITU",0.0739441345083427,FALSE,-0.106233386003772,0.250108212326438,"TMIN","curr.jan"
"LITU",-0.0604490037937881,FALSE,-0.251536954209349,0.10691708975707,"TMIN","curr.feb"
"LITU",0.0626250497078927,FALSE,-0.118693618299423,0.265967854941724,"TMIN","curr.mar"
"LITU",0.0827517902547599,FALSE,-0.0812839359897485,0.249854628258123,"TMIN","curr.apr"
"LITU",-0.0859876362138802,FALSE,-0.270555436318995,0.0972220685053428,"TMIN","curr.may"
"LITU",-0.111056741458151,FALSE,-0.301428900823971,0.0822253730365408,"TMIN","curr.jun"
"LITU",0.0335373648094221,FALSE,-0.171124982263053,0.229331624871481,"TMIN","curr.jul"
"LITU",-0.0191518821591046,FALSE,-0.190105212356121,0.142387034137672,"TMIN","curr.aug"
"LITU",0.0320058190220859,FALSE,-0.139697486385513,0.221153506074954,"TMAX","prev.apr"
"LITU",0.129079635825503,FALSE,-0.0747582864435921,0.333554086824372,"TMAX","prev.may"
"LITU",-0.0143976232870116,FALSE,-0.237584373943307,0.180178035776922,"TMAX","prev.jun"
"LITU",-0.0356591315823846,FALSE,-0.20138539397488,0.167778420951014,"TMAX","prev.jul"
"LITU",-0.0593823516431262,FALSE,-0.258521513002156,0.139762587246353,"TMAX","prev.aug"
"LITU",-0.109206324185784,FALSE,-0.304330243537094,0.0729526833970904,"TMAX","prev.sep"
"LITU",-0.00775123905875582,FALSE,-0.207238711964041,0.182521879869837,"TMAX","prev.oct"
"LITU",-0.159695657862465,TRUE,-0.319045960209209,-0.00216715613032461,"TMAX","prev.nov"
"LITU",-0.0218159288210591,FALSE,-0.203614049539273,0.151516375622495,"TMAX","prev.dec"
"LITU",0.092766930346502,FALSE,-0.0796665892432274,0.299622444053669,"TMAX","curr.jan"
"LITU",-0.0539435922691753,FALSE,-0.262655528124952,0.140659579294966,"TMAX","curr.feb"
"LITU",-0.0403561377428776,FALSE,-0.259981885092495,0.149349799768394,"TMAX","curr.mar"
"LITU",0.112128976613048,FALSE,-0.0780521449475729,0.309373603505701,"TMAX","curr.apr"
"LITU",-0.160912662037991,FALSE,-0.308933313031782,0.00616916669522805,"TMAX","curr.may"
"LITU",-0.206498182775173,TRUE,-0.393344540030985,-0.0319948605347943,"TMAX","curr.jun"
"LITU",-0.117124411912578,FALSE,-0.285452241960084,0.101637508960401,"TMAX","curr.jul"
"LITU",-0.0975989531934963,FALSE,-0.281842245121244,0.0643288325786858,"TMAX","curr.aug"
"LITU",-0.0449042961796259,FALSE,-0.236238941563932,0.153692985969397,"PDSI_prewhiten","prev.apr"
"LITU",-0.0750084016431077,FALSE,-0.284480456062751,0.11060848459626,"PDSI_prewhiten","prev.may"
"LITU",0.0146676024591646,FALSE,-0.163995536590504,0.18565537365192,"PDSI_prewhiten","prev.jun"
"LITU",0.200631930008897,FALSE,-0.0480816209257388,0.384595717807488,"PDSI_prewhiten","prev.jul"
"LITU",0.152152994323742,FALSE,-0.0166255443179217,0.300742151574939,"PDSI_prewhiten","prev.aug"
"LITU",0.142647550290059,FALSE,-0.0173303345460057,0.301931397723544,"PDSI_prewhiten","prev.sep"
"LITU",0.00950231393883379,FALSE,-0.171305911436157,0.188361451624521,"PDSI_prewhiten","prev.oct"
"LITU",0.0112474889397265,FALSE,-0.192029150333362,0.185367191406359,"PDSI_prewhiten","prev.nov"
"LITU",-0.00903731855491038,FALSE,-0.217934313425965,0.18462312758554,"PDSI_prewhiten","prev.dec"
"LITU",0.0473057915903705,FALSE,-0.147281954641444,0.216325954296709,"PDSI_prewhiten","curr.jan"
"LITU",0.00227963899704712,FALSE,-0.154525821414793,0.161282925921648,"PDSI_prewhiten","curr.feb"
"LITU",0.0733234859048525,FALSE,-0.175926848767504,0.303585065011387,"PDSI_prewhiten","curr.mar"
"LITU",0.173473311487962,FALSE,-0.037427527245888,0.378483977885892,"PDSI_prewhiten","curr.apr"
"LITU",0.183212496875197,FALSE,-0.0896281506981441,0.4288186479667,"PDSI_prewhiten","curr.may"
"LITU",0.145965212723594,FALSE,-0.0217356862728667,0.295791382665118,"PDSI_prewhiten","curr.jun"
"LITU",0.151529759698147,TRUE,0.0067214238496872,0.289889995568488,"PDSI_prewhiten","curr.jul"
"LITU",0.172071827003486,FALSE,-0.0196518012844886,0.333984173217822,"PDSI_prewhiten","curr.aug"
"LITU",0.0140845643947084,FALSE,-0.196453986636264,0.200844897845341,"PHDI_prewhiten","prev.apr"
"LITU",-0.114032813751432,FALSE,-0.32879797307332,0.0951920779628528,"PHDI_prewhiten","prev.may"
"LITU",0.0591524752149447,FALSE,-0.12127679820492,0.237820878685534,"PHDI_prewhiten","prev.jun"
"LITU",0.0310854633660865,FALSE,-0.155063327093928,0.221548526047756,"PHDI_prewhiten","prev.jul"
"LITU",0.124734813077964,FALSE,-0.0732374803716612,0.306825663236187,"PHDI_prewhiten","prev.aug"
"LITU",0.136876038854232,FALSE,-0.0560538690996327,0.320311048464428,"PHDI_prewhiten","prev.sep"
"LITU",-0.00581046098008955,FALSE,-0.232129284696838,0.271401413818843,"PHDI_prewhiten","prev.oct"
"LITU",0.0287901146787955,FALSE,-0.158862110482157,0.224969914354508,"PHDI_prewhiten","prev.nov"
"LITU",0.0454761837439733,FALSE,-0.141924095435128,0.229328303075215,"PHDI_prewhiten","prev.dec"
"LITU",-0.0143399045698097,FALSE,-0.208937757154038,0.18216746288247,"PHDI_prewhiten","curr.jan"
"LITU",0.026731585795081,FALSE,-0.169881766740948,0.216562800908936,"PHDI_prewhiten","curr.feb"
"LITU",-0.0566084918061756,FALSE,-0.268385462968192,0.17571797726719,"PHDI_prewhiten","curr.mar"
"LITU",0.14218912665011,FALSE,-0.0522221309121533,0.313774212020592,"PHDI_prewhiten","curr.apr"
"LITU",0.231136769897882,TRUE,0.028813476823198,0.4220994665267,"PHDI_prewhiten","curr.may"
"LITU",0.184912005566564,TRUE,0.00746100428835934,0.363910622964353,"PHDI_prewhiten","curr.jun"
"LITU",0.198005954028634,TRUE,0.00518096534966235,0.363717306783206,"PHDI_prewhiten","curr.jul"
"LITU",0.211533591993211,TRUE,0.0182808854149996,0.356626610499498,"PHDI_prewhiten","curr.aug"
"LITU",0.00989831260619016,FALSE,-0.181735468402966,0.198931585643517,"PMDI_prewhiten","prev.apr"
"LITU",-0.104363434371402,FALSE,-0.298869934348105,0.0887878730053388,"PMDI_prewhiten","prev.may"
"LITU",0.0366731413921212,FALSE,-0.157072080582513,0.235174161330572,"PMDI_prewhiten","prev.jun"
"LITU",0.0439622081117724,FALSE,-0.177282434627976,0.268630367709578,"PMDI_prewhiten","prev.jul"
"LITU",0.129239896102884,FALSE,-0.0441000810374429,0.316064282081754,"PMDI_prewhiten","prev.aug"
"LITU",0.115329328859195,FALSE,-0.067452995223126,0.265751098322085,"PMDI_prewhiten","prev.sep"
"LITU",-0.0729637982587976,FALSE,-0.240158346748171,0.124771653651486,"PMDI_prewhiten","prev.oct"
"LITU",0.0707060747604102,FALSE,-0.123603693183616,0.253260687385874,"PMDI_prewhiten","prev.nov"
"LITU",0.119307886272067,FALSE,-0.0954540219667367,0.273810873192773,"PMDI_prewhiten","prev.dec"
"LITU",-0.108746369284821,FALSE,-0.283066332537198,0.0968979161018503,"PMDI_prewhiten","curr.jan"
"LITU",0.0317446141321408,FALSE,-0.154906903465866,0.181761880389843,"PMDI_prewhiten","curr.feb"
"LITU",-0.0221450640709499,FALSE,-0.22591062650002,0.2016161494437,"PMDI_prewhiten","curr.mar"
"LITU",0.114308759426588,FALSE,-0.0662303350714745,0.308031026944277,"PMDI_prewhiten","curr.apr"
"LITU",0.27592039625365,TRUE,0.0732644129175066,0.460691986434028,"PMDI_prewhiten","curr.may"
"LITU",0.189402301408525,TRUE,0.0158587345177089,0.380014119591029,"PMDI_prewhiten","curr.jun"
"LITU",0.185083565139575,FALSE,-0.0108394590659526,0.366073441079787,"PMDI_prewhiten","curr.jul"
"LITU",0.117030256233554,FALSE,-0.0725034468228184,0.328141855003304,"PMDI_prewhiten","curr.aug"
"PIST",0.00894533893851006,FALSE,-0.164916468712181,0.187339512719266,"PCP","prev.apr"
"PIST",-0.0693399489827752,FALSE,-0.270173779719562,0.133385188259935,"PCP","prev.may"
"PIST",-0.0584410681936853,FALSE,-0.242395193639811,0.142069973872143,"PCP","prev.jun"
"PIST",0.0431991644726422,FALSE,-0.153345235117575,0.256955087355029,"PCP","prev.jul"
"PIST",-0.0212987749403947,FALSE,-0.212005926775278,0.197205589972308,"PCP","prev.aug"
"PIST",0.249160797931574,TRUE,0.0168851379623866,0.462731803767528,"PCP","prev.sep"
"PIST",0.00675333347381452,FALSE,-0.18762608609316,0.18843225417412,"PCP","prev.oct"
"PIST",-0.177075021620148,FALSE,-0.410546777282335,0.0417787903245256,"PCP","prev.nov"
"PIST",-0.0275864854685981,FALSE,-0.227236314550988,0.14301025859816,"PCP","prev.dec"
"PIST",-0.203993314626079,TRUE,-0.398852224764689,-0.00447630148969981,"PCP","curr.jan"
"PIST",-0.0602655606777555,FALSE,-0.240870856919539,0.143060765924174,"PCP","curr.feb"
"PIST",-0.0510857438174496,FALSE,-0.22987653424115,0.13275340459588,"PCP","curr.mar"
"PIST",-0.0104235439846037,FALSE,-0.191027526582098,0.163803678284649,"PCP","curr.apr"
"PIST",0.0414936508650888,FALSE,-0.167027181650551,0.238941373504679,"PCP","curr.may"
"PIST",0.0778262851372374,FALSE,-0.124258751014084,0.275336478428891,"PCP","curr.jun"
"PIST",0.0642037333571279,FALSE,-0.145438807397123,0.236694084715365,"PCP","curr.jul"
"PIST",0.119987818981566,FALSE,-0.098760071432486,0.320499052434212,"PCP","curr.aug"
"PIST",0.0405201231481093,FALSE,-0.207245866449992,0.278879301152563,"TAVG","prev.apr"
"PIST",-0.0527677736502221,FALSE,-0.294480215016715,0.206285102195173,"TAVG","prev.may"
"PIST",0.090161126903491,FALSE,-0.116877327080029,0.289103936112308,"TAVG","prev.jun"
"PIST",0.106110486824198,FALSE,-0.111319234258914,0.331293136400256,"TAVG","prev.jul"
"PIST",-0.00829348323482025,FALSE,-0.265083605685191,0.196080201176765,"TAVG","prev.aug"
"PIST",-0.0711065837962352,FALSE,-0.293518388466396,0.177749256247271,"TAVG","prev.sep"
"PIST",-0.0271532429524678,FALSE,-0.233957269210919,0.19159252562919,"TAVG","prev.oct"
"PIST",0.0621560737862373,FALSE,-0.169802930722499,0.287962515208592,"TAVG","prev.nov"
"PIST",-0.00377951130828284,FALSE,-0.222269266626767,0.255741859818907,"TAVG","prev.dec"
"PIST",-0.0982783308655902,FALSE,-0.324114206512886,0.10831704742595,"TAVG","curr.jan"
"PIST",0.0532584454531229,FALSE,-0.203483843856255,0.323831704081188,"TAVG","curr.feb"
"PIST",0.0756419747454083,FALSE,-0.142157209998778,0.291981703607844,"TAVG","curr.mar"
"PIST",0.163913268107581,FALSE,-0.0988401657166398,0.401094336035837,"TAVG","curr.apr"
"PIST",0.0141154131412016,FALSE,-0.208039820056692,0.224627264796653,"TAVG","curr.may"
"PIST",-0.0185245587626309,FALSE,-0.251321339394931,0.183840201187726,"TAVG","curr.jun"
"PIST",-0.282473136747483,TRUE,-0.519516149849062,-0.0198608713168736,"TAVG","curr.jul"
"PIST",0.102158975864048,FALSE,-0.116385824800386,0.332451246371454,"TAVG","curr.aug"
"PIST",0.0448740205928703,FALSE,-0.173467622525263,0.269984466784684,"PDSI","prev.apr"
"PIST",-0.0785927627984466,FALSE,-0.250558924647839,0.112150167057068,"PDSI","prev.may"
"PIST",-0.188227330408531,FALSE,-0.429301901229712,0.0073539392661218,"PDSI","prev.jun"
"PIST",-0.0312597735151761,FALSE,-0.215181632534445,0.165505083559258,"PDSI","prev.jul"
"PIST",0.00333488862772281,FALSE,-0.20484216689119,0.245265620895649,"PDSI","prev.aug"
"PIST",0.244464415029063,FALSE,0.0069754717688488,0.611119687484142,"PDSI","prev.sep"
"PIST",0.0600907305603935,FALSE,-0.122783388964221,0.242254456637753,"PDSI","prev.oct"
"PIST",-0.01215967291164,FALSE,-0.208822768639139,0.169741270477838,"PDSI","prev.nov"
"PIST",0.0253444337484621,FALSE,-0.1663470982317,0.171705790701613,"PDSI","prev.dec"
"PIST",0.0102230104707473,FALSE,-0.167356871678232,0.213253448961486,"PDSI","curr.jan"
"PIST",-0.0828997179062475,FALSE,-0.198202552524501,0.0637647435867027,"PDSI","curr.feb"
"PIST",-0.0970525275197004,FALSE,-0.233468339483847,0.0618430021986059,"PDSI","curr.mar"
"PIST",-0.125695316145498,FALSE,-0.307482343943601,0.0352595680881143,"PDSI","curr.apr"
"PIST",-0.0030076445471574,FALSE,-0.213705528597378,0.228957396733371,"PDSI","curr.may"
"PIST",0.0769591813695217,FALSE,-0.146547892085702,0.280672672435263,"PDSI","curr.jun"
"PIST",0.0884873962478461,FALSE,-0.0416147412621724,0.211512656250191,"PDSI","curr.jul"
"PIST",0.0527398636128295,FALSE,-0.129707520857424,0.246209776440424,"PDSI","curr.aug"
"PIST",-0.00837594191374512,FALSE,-0.203699083362603,0.204679120250603,"PHDI","prev.apr"
"PIST",0.00301405858013292,FALSE,-0.132004009246154,0.166174733516091,"PHDI","prev.may"
"PIST",-0.0660252859987201,FALSE,-0.272552985709542,0.142566352979769,"PHDI","prev.jun"
"PIST",-0.0935279542267785,FALSE,-0.399208294050876,0.097135068288684,"PHDI","prev.jul"
"PIST",-0.0263832189951074,FALSE,-0.329269569125904,0.1678650556283,"PHDI","prev.aug"
"PIST",0.0591079337052752,FALSE,-0.0978879475541973,0.341745674897355,"PHDI","prev.sep"
"PIST",0.105259039684214,FALSE,-0.0235026704129542,0.284658503422309,"PHDI","prev.oct"
"PIST",0.0804012414747499,FALSE,-0.088934928094125,0.291663367266681,"PHDI","prev.nov"
"PIST",0.0515418324117118,FALSE,-0.12597359054657,0.219375972730802,"PHDI","prev.dec"
"PIST",-0.0189183550753203,FALSE,-0.215983563092453,0.114436566792269,"PHDI","curr.jan"
"PIST",-0.0500926069638103,FALSE,-0.271380301174258,0.0929654008469881,"PHDI","curr.feb"
"PIST",-0.0954949920354494,FALSE,-0.291331906433379,0.114360179481668,"PHDI","curr.mar"
"PIST",-0.138993164221848,FALSE,-0.313904046342894,0.0869519432908554,"PHDI","curr.apr"
"PIST",-0.0522317811595227,FALSE,-0.227200147409581,0.187370707054012,"PHDI","curr.may"
"PIST",0.0030568927093653,FALSE,-0.257290574080915,0.191455531198368,"PHDI","curr.jun"
"PIST",0.0811632624274602,FALSE,-0.0949059931389666,0.206865772937968,"PHDI","curr.jul"
"PIST",0.126262385569505,FALSE,-0.128855012853741,0.423584762690095,"PHDI","curr.aug"
"PIST",0.0137373801131774,FALSE,-0.16027595910951,0.208485608230822,"ZNDX","prev.apr"
"PIST",-0.0420946804089097,FALSE,-0.231270148221829,0.189400949024345,"ZNDX","prev.may"
"PIST",-0.0723039077361669,FALSE,-0.249969218130001,0.0981204146768201,"ZNDX","prev.jun"
"PIST",0.0122339297158338,FALSE,-0.196284345056096,0.244186569289863,"ZNDX","prev.jul"
"PIST",-0.0406351508541707,FALSE,-0.233118553184763,0.166125384476312,"ZNDX","prev.aug"
"PIST",0.249282407781342,TRUE,0.0361233242555451,0.485592796327424,"ZNDX","prev.sep"
"PIST",0.0257183049856241,FALSE,-0.148420497261835,0.218859288078296,"ZNDX","prev.oct"
"PIST",-0.124832481858563,FALSE,-0.358154663840511,0.0540141883544604,"ZNDX","prev.nov"
"PIST",0.0203803504197912,FALSE,-0.208169390483288,0.205104885395261,"ZNDX","prev.dec"
"PIST",-0.146808477201115,FALSE,-0.338145948260453,0.0689894753110582,"ZNDX","curr.jan"
"PIST",-0.0569135451937702,FALSE,-0.255548714426437,0.141947771621396,"ZNDX","curr.feb"
"PIST",-0.0521811988634661,FALSE,-0.258407011230012,0.131612562688828,"ZNDX","curr.mar"
"PIST",-0.0187379146378572,FALSE,-0.194098874585908,0.162752084193463,"ZNDX","curr.apr"
"PIST",-0.00552080674468747,FALSE,-0.229219752182788,0.206977540546714,"ZNDX","curr.may"
"PIST",0.0661630957621236,FALSE,-0.137836909193545,0.249246406379709,"ZNDX","curr.jun"
"PIST",0.10910932976052,FALSE,-0.0989183226885343,0.251011545359082,"ZNDX","curr.jul"
"PIST",0.0802142041219341,FALSE,-0.102321471705188,0.28533011990363,"ZNDX","curr.aug"
"PIST",0.0493055237296428,FALSE,-0.158932566616242,0.287926002454847,"PMDI","prev.apr"
"PIST",-0.0269805551920795,FALSE,-0.222570663827313,0.147660734072963,"PMDI","prev.may"
"PIST",-0.128113538972155,FALSE,-0.350081678479678,0.0801141626709226,"PMDI","prev.jun"
"PIST",-0.170710606882218,FALSE,-0.405855349430999,0.0748882484112935,"PMDI","prev.jul"
"PIST",-0.00698538030680386,FALSE,-0.262318256566598,0.250945093187752,"PMDI","prev.aug"
"PIST",0.188992659951811,FALSE,-0.0066168640654353,0.492943943260558,"PMDI","prev.sep"
"PIST",0.171737458734165,FALSE,-0.0243990799370694,0.366278009534044,"PMDI","prev.oct"
"PIST",0.0514015281868774,FALSE,-0.144497517246072,0.241516964074993,"PMDI","prev.nov"
"PIST",-0.014636105015975,FALSE,-0.203344331074616,0.139793424492752,"PMDI","prev.dec"
"PIST",-0.0960007666755885,FALSE,-0.358168156716053,0.121730730368427,"PMDI","curr.jan"
"PIST",-0.0359008591028954,FALSE,-0.274319623912744,0.168202160016039,"PMDI","curr.feb"
"PIST",-0.0148561690475427,FALSE,-0.230419795612334,0.197045759150189,"PMDI","curr.mar"
"PIST",-0.0273621727320225,FALSE,-0.195142453569744,0.163179554494964,"PMDI","curr.apr"
"PIST",-0.0504851736534383,FALSE,-0.321443256749295,0.229203819055331,"PMDI","curr.may"
"PIST",-0.0266229749288592,FALSE,-0.257802590049502,0.172040391176291,"PMDI","curr.jun"
"PIST",0.100040304289063,FALSE,-0.0617258560518277,0.227448167670671,"PMDI","curr.jul"
"PIST",0.0762375420316864,FALSE,-0.161194674532498,0.322636190043046,"PMDI","curr.aug"
"PIST",0.0187057393436559,FALSE,-0.168964261597621,0.19700802378114,"SP01","prev.apr"
"PIST",-0.0693707455664916,FALSE,-0.280308275722415,0.132650037290983,"SP01","prev.may"
"PIST",-0.0819109689046611,FALSE,-0.282395688841081,0.12903460457595,"SP01","prev.jun"
"PIST",0.0618568106246404,FALSE,-0.159591503721298,0.263136241756065,"SP01","prev.jul"
"PIST",-0.0324313316221888,FALSE,-0.236348542337298,0.189636552197116,"SP01","prev.aug"
"PIST",0.191996885879669,FALSE,-0.0423253063521285,0.398172090008979,"SP01","prev.sep"
"PIST",0.043695591141998,FALSE,-0.148670647547043,0.227841295614093,"SP01","prev.oct"
"PIST",-0.151931493145811,FALSE,-0.420146908151441,0.0812646243130684,"SP01","prev.nov"
"PIST",0.0092052151930008,FALSE,-0.20579045000721,0.180295571575464,"SP01","prev.dec"
"PIST",-0.228672311846404,TRUE,-0.406357676686583,-0.00841928084956769,"SP01","curr.jan"
"PIST",-0.0803920403383186,FALSE,-0.297702276649378,0.118147180118644,"SP01","curr.feb"
"PIST",-0.0366315406661003,FALSE,-0.236215256741095,0.125879582243374,"SP01","curr.mar"
"PIST",-0.0336503561525241,FALSE,-0.225128807874198,0.151818462204745,"SP01","curr.apr"
"PIST",0.0413746230487548,FALSE,-0.15867512529212,0.233143623441054,"SP01","curr.may"
"PIST",0.0883514663672412,FALSE,-0.114355977653759,0.29276700175031,"SP01","curr.jun"
"PIST",0.0625235409874774,FALSE,-0.12133522644377,0.247656038937218,"SP01","curr.jul"
"PIST",0.0858313650224604,FALSE,-0.101446937196433,0.266898387498864,"SP01","curr.aug"
"PIST",0.0855942782074109,FALSE,-0.141526756567124,0.314915763336975,"SP02","prev.apr"
"PIST",-0.0589629956939588,FALSE,-0.245150206714829,0.134318784495959,"SP02","prev.may"
"PIST",-0.0882710871657958,FALSE,-0.243661270161343,0.0880118597995233,"SP02","prev.jun"
"PIST",-0.00213151649322098,FALSE,-0.196551284557434,0.241550925758624,"SP02","prev.jul"
"PIST",-0.0304258454082059,FALSE,-0.239368234864914,0.193931500256016,"SP02","prev.aug"
"PIST",0.139053625316365,FALSE,-0.044370262530695,0.321614463977004,"SP02","prev.sep"
"PIST",0.147131328819332,FALSE,-0.0294906325134051,0.341794847790565,"SP02","prev.oct"
"PIST",-0.0859004826955675,FALSE,-0.301432197909282,0.0771472367841075,"SP02","prev.nov"
"PIST",-0.0723994469236824,FALSE,-0.341122747316173,0.148873915633844,"SP02","prev.dec"
"PIST",-0.0968547407427353,FALSE,-0.267084020129968,0.0936763793440814,"SP02","curr.jan"
"PIST",-0.164318433429078,FALSE,-0.371976761362304,0.0774241083335109,"SP02","curr.feb"
"PIST",0.00234783315227851,FALSE,-0.178399263349698,0.226041169289839,"SP02","curr.mar"
"PIST",0.0203223853200738,FALSE,-0.169762979013801,0.184462248468311,"SP02","curr.apr"
"PIST",0.0285545752380419,FALSE,-0.193792975465649,0.243515854833713,"SP02","curr.may"
"PIST",0.0452624068734537,FALSE,-0.0979703245802864,0.221569515675696,"SP02","curr.jun"
"PIST",0.0758615444572586,FALSE,-0.167601091655333,0.309412987259359,"SP02","curr.jul"
"PIST",0.111662224356227,FALSE,-0.100983546552887,0.326577130352281,"SP02","curr.aug"
"PIST",0.103378779494685,FALSE,-0.120142111994568,0.344763273085754,"SP03","prev.apr"
"PIST",-0.00551028236584789,FALSE,-0.240324140336612,0.21681721318676,"SP03","prev.may"
"PIST",-0.0585922819403409,FALSE,-0.232685441624258,0.128203645337247,"SP03","prev.jun"
"PIST",-0.0682372021220642,FALSE,-0.224332107284914,0.130500251099615,"SP03","prev.jul"
"PIST",-0.0580837568181482,FALSE,-0.306414267965232,0.190238920637713,"SP03","prev.aug"
"PIST",0.164278644252979,FALSE,-0.0306206552585411,0.377071622807624,"SP03","prev.sep"
"PIST",0.0845560435169177,FALSE,-0.113658092045809,0.26785770682028,"SP03","prev.oct"
"PIST",0.0722162363638583,FALSE,-0.136939567840755,0.275531064867843,"SP03","prev.nov"
"PIST",-0.10767081000392,FALSE,-0.331080084041252,0.107577759274045,"SP03","prev.dec"
"PIST",-0.104959181115617,FALSE,-0.325324084620015,0.104382819021394,"SP03","curr.jan"
"PIST",-0.0920939425690439,FALSE,-0.290493919181235,0.139871944079561,"SP03","curr.feb"
"PIST",-0.0699179364904775,FALSE,-0.269764666275893,0.121014416435672,"SP03","curr.mar"
"PIST",0.0502925988080657,FALSE,-0.15665731441228,0.262362836426622,"SP03","curr.apr"
"PIST",0.0133828947200454,FALSE,-0.245813711833931,0.27515948118869,"SP03","curr.may"
"PIST",0.00328817765333816,FALSE,-0.215898710378145,0.203553736995385,"SP03","curr.jun"
"PIST",0.0348205126466088,FALSE,-0.155824245588782,0.157116987368757,"SP03","curr.jul"
"PIST",0.163620896212607,FALSE,-0.106362079880248,0.49169503896903,"SP03","curr.aug"
"PIST",-0.0198803324778083,FALSE,-0.253365443729719,0.222332126404956,"SP06","prev.apr"
"PIST",-0.0059482686190968,FALSE,-0.16085237520116,0.135874408156501,"SP06","prev.may"
"PIST",0.023633337483137,FALSE,-0.171936214983253,0.270494949538856,"SP06","prev.jun"
"PIST",-0.0585631907895131,FALSE,-0.249980784098824,0.172844951860278,"SP06","prev.jul"
"PIST",-0.13606414220653,FALSE,-0.441947851021013,0.164870385745701,"SP06","prev.aug"
"PIST",0.147921828678389,FALSE,-0.0357835703233129,0.368591061477803,"SP06","prev.sep"
"PIST",0.0478687636338195,FALSE,-0.106446607110898,0.189206404455633,"SP06","prev.oct"
"PIST",0.0364261893461799,FALSE,-0.134781647838197,0.202299419960068,"SP06","prev.nov"
"PIST",0.0260776132387893,FALSE,-0.159415223933348,0.204604623792079,"SP06","prev.dec"
"PIST",-0.00227887112587561,FALSE,-0.177222007993146,0.165998134957724,"SP06","curr.jan"
"PIST",0.0217431120217581,FALSE,-0.168943155991797,0.22576492550489,"SP06","curr.feb"
"PIST",-0.200497784875757,FALSE,-0.469698591415855,0.0712559237649745,"SP06","curr.mar"
"PIST",-0.0840337045563848,FALSE,-0.269241104854239,0.123961091992996,"SP06","curr.apr"
"PIST",-0.044555590473943,FALSE,-0.231107197660581,0.146280139550131,"SP06","curr.may"
"PIST",-0.0656701845111655,FALSE,-0.325772566452842,0.173988805117515,"SP06","curr.jun"
"PIST",0.0507954433265706,FALSE,-0.164444699174005,0.217210926472078,"SP06","curr.jul"
"PIST",0.167833063493797,FALSE,-0.120507147996294,0.473564393734055,"SP06","curr.aug"
"PIST",-0.062149524455376,FALSE,-0.271227167386942,0.152024984077113,"SP09","prev.apr"
"PIST",0.00999326698251999,FALSE,-0.167781102073567,0.194495106822948,"SP09","prev.may"
"PIST",-0.131865110201252,FALSE,-0.380211777836188,0.103716288938541,"SP09","prev.jun"
"PIST",-0.154453572405572,FALSE,-0.39410542057256,0.0950270702130285,"SP09","prev.jul"
"PIST",-0.0260056841766422,FALSE,-0.293350500224152,0.141567520108438,"SP09","prev.aug"
"PIST",0.18635500961911,FALSE,-0.0502416356272899,0.455411756592718,"SP09","prev.sep"
"PIST",0.190087464229873,FALSE,-0.0239845778796176,0.406692624695314,"SP09","prev.oct"
"PIST",0.0791594878690461,FALSE,-0.0960768752191882,0.276489914809165,"SP09","prev.nov"
"PIST",0.06205737132623,FALSE,-0.189712329371917,0.33819574634597,"SP09","prev.dec"
"PIST",-0.0671011844736186,FALSE,-0.353707231879631,0.172875480873343,"SP09","curr.jan"
"PIST",-0.139447460552035,FALSE,-0.349740366601846,0.10576078571838,"SP09","curr.feb"
"PIST",-0.0476802503751743,FALSE,-0.236039194118992,0.157330464492867,"SP09","curr.mar"
"PIST",-0.0206326157046773,FALSE,-0.283923348742241,0.251723158389343,"SP09","curr.apr"
"PIST",0.0208081293891986,FALSE,-0.253639589588048,0.308981598471236,"SP09","curr.may"
"PIST",-0.140237231964957,FALSE,-0.415235419536247,0.0992862336801698,"SP09","curr.jun"
"PIST",-0.0302223037207739,FALSE,-0.243278664564456,0.148013225162269,"SP09","curr.jul"
"PIST",0.131448432205418,FALSE,-0.103426483351608,0.371264959876784,"SP09","curr.aug"
"PIST",-0.0617092845341788,FALSE,-0.246622423955792,0.164502302804594,"SP12","prev.apr"
"PIST",-0.0414245325979386,FALSE,-0.181140301912365,0.102562488066086,"SP12","prev.may"
"PIST",-0.086703702231749,FALSE,-0.324254382455801,0.111455426576059,"SP12","prev.jun"
"PIST",-0.103255045062568,FALSE,-0.252863294482574,0.0800965209855273,"SP12","prev.jul"
"PIST",-0.0444998729434712,FALSE,-0.279278372438363,0.15482629343958,"SP12","prev.aug"
"PIST",0.0994539695536041,FALSE,-0.0761226059348544,0.336756805571489,"SP12","prev.sep"
"PIST",0.148377356390555,FALSE,-0.0526824099831052,0.316884490918034,"SP12","prev.oct"
"PIST",0.0987064945687215,FALSE,-0.0452748114335762,0.228959355724365,"SP12","prev.nov"
"PIST",0.078255689479222,FALSE,-0.0499668757154301,0.216270403235039,"SP12","prev.dec"
"PIST",0.0013412195852409,FALSE,-0.129171729827011,0.120604300385485,"SP12","curr.jan"
"PIST",-0.0307491658841437,FALSE,-0.163399654406284,0.0821498889159403,"SP12","curr.feb"
"PIST",-0.060155365265831,FALSE,-0.246558303226387,0.104026270482281,"SP12","curr.mar"
"PIST",-0.136415729745925,FALSE,-0.313351849212107,0.0186352591263616,"SP12","curr.apr"
"PIST",-0.112507149563168,FALSE,-0.27869876417023,0.0307164385000741,"SP12","curr.may"
"PIST",-0.0322235330109033,FALSE,-0.305984446221795,0.187849022987551,"SP12","curr.jun"
"PIST",0.0648476646807975,FALSE,-0.105898734140624,0.219903578140666,"SP12","curr.jul"
"PIST",0.0919633256801401,FALSE,-0.145687035666512,0.434098406660483,"SP12","curr.aug"
"PIST",-0.16292616358203,FALSE,-0.3686217955226,0.0648483460609507,"SP24","prev.apr"
"PIST",-0.097696749192601,FALSE,-0.226023750917105,0.0550884795703714,"SP24","prev.may"
"PIST",-0.107029342860523,FALSE,-0.238449353881001,0.0135270965936584,"SP24","prev.jun"
"PIST",-0.0439009742686899,FALSE,-0.221912924513011,0.0919529173988693,"SP24","prev.jul"
"PIST",0.11895264839241,FALSE,-0.155919703680553,0.289263416633311,"SP24","prev.aug"
"PIST",0.198272371463569,FALSE,-0.0557430174659887,0.388147222859624,"SP24","prev.sep"
"PIST",0.228986503435326,TRUE,0.0779348633160733,0.433811125487402,"SP24","prev.oct"
"PIST",0.155794680195977,TRUE,0.0158632964602288,0.320714265452485,"SP24","prev.nov"
"PIST",0.100121050950816,FALSE,-0.0448330118397926,0.319263386277809,"SP24","prev.dec"
"PIST",-0.0104933593651996,FALSE,-0.127762712873119,0.147613435644322,"SP24","curr.jan"
"PIST",-0.0637592502555613,FALSE,-0.187795851033448,0.0581094309195858,"SP24","curr.feb"
"PIST",-0.132616255552581,TRUE,-0.272185054595055,-0.0127501501807376,"SP24","curr.mar"
"PIST",-0.235144058686292,TRUE,-0.407287461893634,-0.0586551478507095,"SP24","curr.apr"
"PIST",-0.171332857533918,TRUE,-0.371927350810553,-0.0355471797237178,"SP24","curr.may"
"PIST",-0.0917876885554464,FALSE,-0.287369576028629,0.0429646764241466,"SP24","curr.jun"
"PIST",0.0533578549420945,FALSE,-0.0815542269501247,0.196071988422622,"SP24","curr.jul"
"PIST",0.144873231058956,FALSE,-0.104578338752192,0.506185718299776,"SP24","curr.aug"
"PIST",0.0522006668335504,FALSE,-0.179148486873076,0.271256950019316,"TMIN","prev.apr"
"PIST",-0.0860707330311439,FALSE,-0.32992449435082,0.185227935058408,"TMIN","prev.may"
"PIST",0.0745822789388397,FALSE,-0.142790095623263,0.300427045947135,"TMIN","prev.jun"
"PIST",0.107497500739549,FALSE,-0.0910230895298556,0.338552418908806,"TMIN","prev.jul"
"PIST",-0.0204827919967946,FALSE,-0.265193669921153,0.198548531006812,"TMIN","prev.aug"
"PIST",0.0167057807904785,FALSE,-0.200221403349147,0.229916008646338,"TMIN","prev.sep"
"PIST",-0.0570246804502365,FALSE,-0.276910384567449,0.172036530609329,"TMIN","prev.oct"
"PIST",-0.0455553362449595,FALSE,-0.261730620053662,0.180324290560902,"TMIN","prev.nov"
"PIST",0.0463161852569781,FALSE,-0.167842571182653,0.272500802126281,"TMIN","prev.dec"
"PIST",-0.114607842207917,FALSE,-0.319115711853873,0.082725085409776,"TMIN","curr.jan"
"PIST",-0.00740277312799562,FALSE,-0.250683228745229,0.233109027452214,"TMIN","curr.feb"
"PIST",0.104426964657605,FALSE,-0.121153883286656,0.31366096293553,"TMIN","curr.mar"
"PIST",0.100290253941007,FALSE,-0.134290902916421,0.342375880673875,"TMIN","curr.apr"
"PIST",0.0045624232677234,FALSE,-0.220270094137536,0.22298245948615,"TMIN","curr.may"
"PIST",0.0369422231603609,FALSE,-0.19079167353472,0.255286445580254,"TMIN","curr.jun"
"PIST",-0.299798587535908,TRUE,-0.543861581216602,-0.0549394204311228,"TMIN","curr.jul"
"PIST",0.150968602466175,FALSE,-0.0311620322997125,0.359020482289858,"TMIN","curr.aug"
"PIST",0.0229508460526805,FALSE,-0.212002523273532,0.23725603299773,"TMAX","prev.apr"
"PIST",-0.0175801502105462,FALSE,-0.246693613968312,0.207299234247608,"TMAX","prev.may"
"PIST",0.0818176803188716,FALSE,-0.123718442811377,0.280670145108978,"TMAX","prev.jun"
"PIST",0.103506337925229,FALSE,-0.105311142035363,0.328245740230937,"TMAX","prev.jul"
"PIST",-0.0129302173242302,FALSE,-0.221930194039825,0.211296158757185,"TMAX","prev.aug"
"PIST",-0.113139017627709,FALSE,-0.364301230572074,0.157252967826185,"TMAX","prev.sep"
"PIST",0.00714149132207845,FALSE,-0.1876890771279,0.240050670020041,"TMAX","prev.oct"
"PIST",0.109272694935873,FALSE,-0.137379829949542,0.327125658087722,"TMAX","prev.nov"
"PIST",-0.0183765989167667,FALSE,-0.223868144151837,0.209293862750978,"TMAX","prev.dec"
"PIST",-0.0879056656304142,FALSE,-0.333444583893781,0.105932311508093,"TMAX","curr.jan"
"PIST",0.0876332806431335,FALSE,-0.161521209232954,0.340974420780798,"TMAX","curr.feb"
"PIST",0.0582388431747942,FALSE,-0.151056877321462,0.254267091809816,"TMAX","curr.mar"
"PIST",0.152389181566157,FALSE,-0.120501915565769,0.384972053313807,"TMAX","curr.apr"
"PIST",0.0326873074563717,FALSE,-0.169585205744701,0.240861690894378,"TMAX","curr.may"
"PIST",-0.0726667224462421,FALSE,-0.287745814993629,0.142314185096535,"TMAX","curr.jun"
"PIST",-0.215394934351694,FALSE,-0.445774232153344,0.0581991840820305,"TMAX","curr.jul"
"PIST",0.0362884287730577,FALSE,-0.171274204852729,0.293474742115206,"TMAX","curr.aug"
"PIST",0.00838895701437744,FALSE,-0.158964618112109,0.178796091081324,"PDSI_prewhiten","prev.apr"
"PIST",-0.0716230290808353,FALSE,-0.268614910734398,0.11903808699564,"PDSI_prewhiten","prev.may"
"PIST",-0.0853282219844587,FALSE,-0.288445627514471,0.124990770104868,"PDSI_prewhiten","prev.jun"
"PIST",0.168923955633236,FALSE,-0.0938830337481473,0.383773802067398,"PDSI_prewhiten","prev.jul"
"PIST",0.00358075275360474,FALSE,-0.184418902978275,0.19953901763211,"PDSI_prewhiten","prev.aug"
"PIST",0.252771813129711,FALSE,-0.00781807959994536,0.473206341542844,"PDSI_prewhiten","prev.sep"
"PIST",0.0295353157188863,FALSE,-0.173099125620703,0.230997792544364,"PDSI_prewhiten","prev.oct"
"PIST",-0.150455229107119,FALSE,-0.382987776835401,0.0371140273174895,"PDSI_prewhiten","prev.nov"
"PIST",-0.0516600336224174,FALSE,-0.278348278416674,0.153490335393312,"PDSI_prewhiten","prev.dec"
"PIST",0.00837557070206426,FALSE,-0.202259068236666,0.197800545937032,"PDSI_prewhiten","curr.jan"
"PIST",-0.0560268432281335,FALSE,-0.218401334980365,0.12342839641325,"PDSI_prewhiten","curr.feb"
"PIST",-0.0741879066205721,FALSE,-0.272073682831308,0.117443688902597,"PDSI_prewhiten","curr.mar"
"PIST",-0.00713968909224157,FALSE,-0.178276615674253,0.16546947094822,"PDSI_prewhiten","curr.apr"
"PIST",0.0209932616781258,FALSE,-0.157625762651452,0.212603075313775,"PDSI_prewhiten","curr.may"
"PIST",0.0821651686662455,FALSE,-0.136361452872091,0.282459229499113,"PDSI_prewhiten","curr.jun"
"PIST",0.0964036477149628,FALSE,-0.101635223215992,0.283917316173803,"PDSI_prewhiten","curr.jul"
"PIST",0.0594881314923021,FALSE,-0.122042556390923,0.254124580093609,"PDSI_prewhiten","curr.aug"
"PIST",-0.00365379485164347,FALSE,-0.203392924407241,0.215234235038245,"PHDI_prewhiten","prev.apr"
"PIST",-0.0440620724321235,FALSE,-0.233647571661673,0.146616727406295,"PHDI_prewhiten","prev.may"
"PIST",-0.0798934539164132,FALSE,-0.281759625912779,0.111009176814992,"PHDI_prewhiten","prev.jun"
"PIST",-0.0289461557090242,FALSE,-0.215491062016871,0.187851148775477,"PHDI_prewhiten","prev.jul"
"PIST",-0.00490096559423868,FALSE,-0.219798010297393,0.22648325692162,"PHDI_prewhiten","prev.aug"
"PIST",0.253299035315521,TRUE,0.0156296974181809,0.471593874939397,"PHDI_prewhiten","prev.sep"
"PIST",0.0932266922866812,FALSE,-0.160060748714431,0.338875090302923,"PHDI_prewhiten","prev.oct"
"PIST",-0.133930605156772,FALSE,-0.359990602212285,0.0888750550162584,"PHDI_prewhiten","prev.nov"
"PIST",-0.0578417085813792,FALSE,-0.266013212899859,0.156421676623517,"PHDI_prewhiten","prev.dec"
"PIST",-0.172537651275543,FALSE,-0.373244751126153,0.024363621512746,"PHDI_prewhiten","curr.jan"
"PIST",0.0159861931676312,FALSE,-0.209244374782239,0.218585099929322,"PHDI_prewhiten","curr.feb"
"PIST",-0.0776951996969511,FALSE,-0.279666240079567,0.10577043346244,"PHDI_prewhiten","curr.mar"
"PIST",0.0272360598749543,FALSE,-0.157092053502285,0.220628770417453,"PHDI_prewhiten","curr.apr"
"PIST",-0.0203176047445396,FALSE,-0.212240424435244,0.182915089294646,"PHDI_prewhiten","curr.may"
"PIST",0.0648578369037501,FALSE,-0.14435641690484,0.271654691461837,"PHDI_prewhiten","curr.jun"
"PIST",0.0960120775741851,FALSE,-0.114964929324123,0.271812720329913,"PHDI_prewhiten","curr.jul"
"PIST",0.134835435248936,FALSE,-0.0969674340043979,0.362836792856157,"PHDI_prewhiten","curr.aug"
"PIST",-0.0211051964508219,FALSE,-0.208658447659174,0.188123012568374,"PMDI_prewhiten","prev.apr"
"PIST",-0.05869319748792,FALSE,-0.267881620910205,0.137051430172526,"PMDI_prewhiten","prev.may"
"PIST",-0.0734424549981177,FALSE,-0.285120182427198,0.130528442565716,"PMDI_prewhiten","prev.jun"
"PIST",0.00462584644488839,FALSE,-0.208509770918874,0.26882180245978,"PMDI_prewhiten","prev.jul"
"PIST",0.0505305568632481,FALSE,-0.160306255252232,0.259147121155513,"PMDI_prewhiten","prev.aug"
"PIST",0.290863668286767,TRUE,0.0270964359669723,0.502834498177802,"PMDI_prewhiten","prev.sep"
"PIST",0.0428015730501408,FALSE,-0.151673964343833,0.243136991290864,"PMDI_prewhiten","prev.oct"
"PIST",-0.178447736600499,FALSE,-0.414880406129957,0.0348724128975291,"PMDI_prewhiten","prev.nov"
"PIST",0.0153651280513213,FALSE,-0.213360187553089,0.195721069378681,"PMDI_prewhiten","prev.dec"
"PIST",-0.0968048806472644,FALSE,-0.298496372546077,0.127709675502158,"PMDI_prewhiten","curr.jan"
"PIST",0.00847862842188121,FALSE,-0.181211875902083,0.231261750313729,"PMDI_prewhiten","curr.feb"
"PIST",-0.0288825026901913,FALSE,-0.213148213186823,0.144439725325779,"PMDI_prewhiten","curr.mar"
"PIST",-0.017431495520597,FALSE,-0.194007715535867,0.186379220130987,"PMDI_prewhiten","curr.apr"
"PIST",0.000262558183941134,FALSE,-0.200589649886732,0.204006081846452,"PMDI_prewhiten","curr.may"
"PIST",0.0425333577573147,FALSE,-0.180775946197007,0.249794205609539,"PMDI_prewhiten","curr.jun"
"PIST",0.0859340803768462,FALSE,-0.122995996918768,0.255049000965374,"PMDI_prewhiten","curr.jul"
"PIST",0.0504939541555734,FALSE,-0.152390621385517,0.240350406933179,"PMDI_prewhiten","curr.aug"
"QUAL",0.0102605466256247,FALSE,-0.151770824277356,0.174453598797117,"PCP","prev.apr"
"QUAL",-0.239680983682033,TRUE,-0.423688761564604,-0.0572900797885521,"PCP","prev.may"
"QUAL",-0.185251015956741,TRUE,-0.352750452764423,-0.00273697312701991,"PCP","prev.jun"
"QUAL",-0.0861522412592187,FALSE,-0.246060058711718,0.0722804091566969,"PCP","prev.jul"
"QUAL",0.0356937961409829,FALSE,-0.119080717021043,0.198589816003913,"PCP","prev.aug"
"QUAL",0.0904433937674418,FALSE,-0.0663744366595615,0.240408614010348,"PCP","prev.sep"
"QUAL",-0.0798359097414802,FALSE,-0.253680989991557,0.0875685275735665,"PCP","prev.oct"
"QUAL",0.0667473815843352,FALSE,-0.0897320405998073,0.229683362839234,"PCP","prev.nov"
"QUAL",0.0331488193189197,FALSE,-0.11561838095589,0.188762042605296,"PCP","prev.dec"
"QUAL",-0.139996594856571,FALSE,-0.334900348918064,0.0736180152900194,"PCP","curr.jan"
"QUAL",0.0669606173936274,FALSE,-0.10442520343217,0.242352406909015,"PCP","curr.feb"
"QUAL",0.00208394545520793,FALSE,-0.159797886901886,0.179564278643631,"PCP","curr.mar"
"QUAL",-0.0303254643629025,FALSE,-0.230216063041295,0.168677356593318,"PCP","curr.apr"
"QUAL",0.1951529878152,FALSE,-0.00798564000714591,0.351830979776684,"PCP","curr.may"
"QUAL",0.11205190622482,FALSE,-0.0382820133446469,0.276391322531772,"PCP","curr.jun"
"QUAL",0.134745579934248,FALSE,-0.0633636367749769,0.298229500113379,"PCP","curr.jul"
"QUAL",0.128624569873784,FALSE,-0.075114142667677,0.347757865567366,"PCP","curr.aug"
"QUAL",0.0137454974314397,FALSE,-0.146771835935545,0.20098326683141,"TAVG","prev.apr"
"QUAL",0.0449248819069795,FALSE,-0.119744745997125,0.199663999072259,"TAVG","prev.may"
"QUAL",0.108359805045708,FALSE,-0.068530527821918,0.26744046901017,"TAVG","prev.jun"
"QUAL",0.0773178963989674,FALSE,-0.0662131976621901,0.2419038333798,"TAVG","prev.jul"
"QUAL",0.089333321866904,FALSE,-0.119154037972891,0.265908910063682,"TAVG","prev.aug"
"QUAL",-0.0201342687173553,FALSE,-0.206029738727674,0.140208346007279,"TAVG","prev.sep"
"QUAL",-0.000238930152084914,FALSE,-0.166969531053698,0.172810113211113,"TAVG","prev.oct"
"QUAL",0.0139499967331225,FALSE,-0.186368619596246,0.200050672296881,"TAVG","prev.nov"
"QUAL",0.0196339193219724,FALSE,-0.182806870025334,0.205236649690655,"TAVG","prev.dec"
"QUAL",0.0295492359617461,FALSE,-0.150117766549258,0.206178575444914,"TAVG","curr.jan"
"QUAL",0.00885652743291499,FALSE,-0.165407518647312,0.184639293657298,"TAVG","curr.feb"
"QUAL",-0.0359436976516042,FALSE,-0.242946118707379,0.136132341465879,"TAVG","curr.mar"
"QUAL",0.129049895739108,FALSE,-0.0614013859164208,0.313367885953754,"TAVG","curr.apr"
"QUAL",-0.226885860596416,TRUE,-0.384479166018996,-0.0466285730332558,"TAVG","curr.may"
"QUAL",-0.211769359287347,FALSE,-0.448729098247446,-0.00995110652999588,"TAVG","curr.jun"
"QUAL",-0.073382672940332,FALSE,-0.256563460376947,0.120457183425176,"TAVG","curr.jul"
"QUAL",-0.0301081603103346,FALSE,-0.193226961398927,0.141864473706768,"TAVG","curr.aug"
"QUAL",0.142370934553091,FALSE,-0.0312474835698923,0.390345861814693,"PDSI","prev.apr"
"QUAL",-0.0316062941444342,FALSE,-0.231892051756933,0.0984245112557457,"PDSI","prev.may"
"QUAL",-0.210823365072229,TRUE,-0.40445600768694,-0.0438445541253132,"PDSI","prev.jun"
"QUAL",-0.169597720166616,TRUE,-0.320367131160168,-0.0300288348611007,"PDSI","prev.jul"
"QUAL",-0.0598957554324696,FALSE,-0.25326633995526,0.128484035594807,"PDSI","prev.aug"
"QUAL",0.16628844831092,FALSE,-0.0432549635934793,0.411539218027015,"PDSI","prev.sep"
"QUAL",0.0256097934459617,FALSE,-0.123445508378185,0.176094700926533,"PDSI","prev.oct"
"QUAL",-0.00425986640415774,FALSE,-0.143798415019204,0.147983813927482,"PDSI","prev.nov"
"QUAL",-0.0239506438436948,FALSE,-0.174549257545201,0.0926609919662646,"PDSI","prev.dec"
"QUAL",-0.0410468071046943,FALSE,-0.19562883499372,0.0914394692945135,"PDSI","curr.jan"
"QUAL",-0.0733411023247771,FALSE,-0.227702527136495,0.0712482663697657,"PDSI","curr.feb"
"QUAL",-0.072627199037809,FALSE,-0.195654590888514,0.102614233227143,"PDSI","curr.mar"
"QUAL",-0.0643850963070487,FALSE,-0.22848212836437,0.106082824812517,"PDSI","curr.apr"
"QUAL",0.134134351379997,FALSE,-0.0850302392557304,0.32968172215069,"PDSI","curr.may"
"QUAL",0.158444202597384,FALSE,-0.0918005251026213,0.325176231841263,"PDSI","curr.jun"
"QUAL",0.138228971300459,TRUE,0.0332915046005062,0.241166897092677,"PDSI","curr.jul"
"QUAL",0.0597214959036641,FALSE,-0.136232553265132,0.285371890198691,"PDSI","curr.aug"
"QUAL",0.274072261834655,TRUE,0.0422475181267549,0.519419973129091,"PHDI","prev.apr"
"QUAL",0.054184254948811,FALSE,-0.0851650926883444,0.205523983789469,"PHDI","prev.may"
"QUAL",-0.222235615686946,TRUE,-0.417169410305614,-0.0421232307167221,"PHDI","prev.jun"
"QUAL",-0.293116039513354,TRUE,-0.496224240195268,-0.0825834388836743,"PHDI","prev.jul"
"QUAL",-0.107813313308672,FALSE,-0.281768169922757,0.065860707638797,"PHDI","prev.aug"
"QUAL",0.0282820884548331,FALSE,-0.168817288256423,0.286533315211721,"PHDI","prev.sep"
"QUAL",0.0584925322763377,FALSE,-0.0735169965521115,0.18536243022384,"PHDI","prev.oct"
"QUAL",0.0328321637581069,FALSE,-0.134723621713335,0.178072600586836,"PHDI","prev.nov"
"QUAL",0.024484513908034,FALSE,-0.129712345492623,0.16610180090914,"PHDI","prev.dec"
"QUAL",0.0203948949807293,FALSE,-0.128329225672238,0.156585899266368,"PHDI","curr.jan"
"QUAL",0.0433969530430863,FALSE,-0.128219160910397,0.225373207338507,"PHDI","curr.feb"
"QUAL",-0.0607042927383077,FALSE,-0.243051674394807,0.137857242103476,"PHDI","curr.mar"
"QUAL",-0.231896619609236,TRUE,-0.407254296825095,-0.0870471907124077,"PHDI","curr.apr"
"QUAL",-0.0928542297745247,FALSE,-0.273415686556226,0.122068453006147,"PHDI","curr.may"
"QUAL",0.0641096525062157,FALSE,-0.179917499148238,0.224595818194571,"PHDI","curr.jun"
"QUAL",0.204712389919027,TRUE,0.0629738125336369,0.31757044189963,"PHDI","curr.jul"
"QUAL",0.268836680941318,TRUE,0.0778558766792713,0.500322433109713,"PHDI","curr.aug"
"QUAL",0.0122291208676641,FALSE,-0.138656120609009,0.169480298954295,"ZNDX","prev.apr"
"QUAL",-0.214911265517683,TRUE,-0.400246918236994,-0.0419321072989936,"ZNDX","prev.may"
"QUAL",-0.193677843656813,TRUE,-0.376537511882913,-0.0183114849773426,"ZNDX","prev.jun"
"QUAL",-0.101971792288013,FALSE,-0.260426445282829,0.0622544475927684,"ZNDX","prev.jul"
"QUAL",-0.000385497755447439,FALSE,-0.161325195279747,0.169468619121656,"ZNDX","prev.aug"
"QUAL",0.0892917175677238,FALSE,-0.0593009971878121,0.235002467036915,"ZNDX","prev.sep"
"QUAL",-0.0695254750301211,FALSE,-0.241341854488613,0.0975489254388805,"ZNDX","prev.oct"
"QUAL",0.0829838737360564,FALSE,-0.0560486391741019,0.226334602734806,"ZNDX","prev.nov"
"QUAL",0.073078794746628,FALSE,-0.0674190108689891,0.205637215303602,"ZNDX","prev.dec"
"QUAL",-0.14682254900796,FALSE,-0.334890836500272,0.0394323823061322,"ZNDX","curr.jan"
"QUAL",0.0515861915193772,FALSE,-0.122121416536464,0.213953246441396,"ZNDX","curr.feb"
"QUAL",0.0082596161809211,FALSE,-0.147704121693059,0.180004860440998,"ZNDX","curr.mar"
"QUAL",-0.0400557827130838,FALSE,-0.234388847247616,0.157778730431496,"ZNDX","curr.apr"
"QUAL",0.20648948447858,TRUE,0.00554485236145426,0.372624948395262,"ZNDX","curr.may"
"QUAL",0.09228999076764,FALSE,-0.0362125920024137,0.263756909797611,"ZNDX","curr.jun"
"QUAL",0.158696084936818,FALSE,-0.0425881677481615,0.311602759058847,"ZNDX","curr.jul"
"QUAL",0.111991638565597,FALSE,-0.0587860940260012,0.304855761312909,"ZNDX","curr.aug"
"QUAL",0.184903658327501,FALSE,0.000724444282959053,0.388802941412584,"PMDI","prev.apr"
"QUAL",0.0114963629292172,FALSE,-0.195757860545694,0.213624036076654,"PMDI","prev.may"
"QUAL",-0.197329146897364,TRUE,-0.375490552363906,-0.0384047123434039,"PMDI","prev.jun"
"QUAL",-0.254092535742024,TRUE,-0.416490305889054,-0.0885588943837466,"PMDI","prev.jul"
"QUAL",-0.0692347929853825,FALSE,-0.241290406610797,0.0994277177516997,"PMDI","prev.aug"
"QUAL",0.0698901748712804,FALSE,-0.0908898583764696,0.272152301173952,"PMDI","prev.sep"
"QUAL",0.063145603750678,FALSE,-0.0871840608930021,0.217741707983261,"PMDI","prev.oct"
"QUAL",0.0265624014226574,FALSE,-0.0885096194277026,0.171844480550213,"PMDI","prev.nov"
"QUAL",0.00722063742259438,FALSE,-0.105080423676385,0.118377571316785,"PMDI","prev.dec"
"QUAL",-0.036436217429102,FALSE,-0.260321626070277,0.110159237910215,"PMDI","curr.jan"
"QUAL",-0.0167077267538724,FALSE,-0.238894068078973,0.149932675838201,"PMDI","curr.feb"
"QUAL",-0.0557041154106659,FALSE,-0.222971231688961,0.17625466941468,"PMDI","curr.mar"
"QUAL",-0.0922826423316811,FALSE,-0.279612584647262,0.0825117006852533,"PMDI","curr.apr"
"QUAL",0.0194996660114078,FALSE,-0.18393281033006,0.268974346337892,"PMDI","curr.may"
"QUAL",0.0807646403944765,FALSE,-0.173221743912081,0.224122969711924,"PMDI","curr.jun"
"QUAL",0.189937651973624,TRUE,0.0625213138114778,0.299056962169087,"PMDI","curr.jul"
"QUAL",0.152059413072233,FALSE,-0.0224381552508188,0.379484517993302,"PMDI","curr.aug"
"QUAL",0.0127833563812357,FALSE,-0.151887164338675,0.167564108804911,"SP01","prev.apr"
"QUAL",-0.243360999968834,TRUE,-0.424870141781613,-0.0624461628481011,"SP01","prev.may"
"QUAL",-0.167206317588738,FALSE,-0.33799193279608,0.0275299681265838,"SP01","prev.jun"
"QUAL",-0.0912260839374004,FALSE,-0.264955729736022,0.0600510150385743,"SP01","prev.jul"
"QUAL",0.0247172451826187,FALSE,-0.140294985133937,0.188291257407137,"SP01","prev.aug"
"QUAL",0.0719804427583364,FALSE,-0.0823078759304096,0.235804822375492,"SP01","prev.sep"
"QUAL",-0.070192867574397,FALSE,-0.243846049832656,0.100812718667351,"SP01","prev.oct"
"QUAL",0.108877877711018,FALSE,-0.0558262423663479,0.272804333194384,"SP01","prev.nov"
"QUAL",0.031408839092244,FALSE,-0.115754971921383,0.192840949732143,"SP01","prev.dec"
"QUAL",-0.184891718605139,FALSE,-0.374418474430942,0.00975149764786665,"SP01","curr.jan"
"QUAL",0.0634028803467769,FALSE,-0.130547833451984,0.228654544261381,"SP01","curr.feb"
"QUAL",0.0101194944605188,FALSE,-0.152167938440756,0.171162751139984,"SP01","curr.mar"
"QUAL",-0.0477358274899061,FALSE,-0.250496503298539,0.128248939790919,"SP01","curr.apr"
"QUAL",0.19076831138924,TRUE,0.00939548129828728,0.35533761127561,"SP01","curr.may"
"QUAL",0.114789030370814,FALSE,-0.0504044165733857,0.282358996030978,"SP01","curr.jun"
"QUAL",0.13449345890658,FALSE,-0.0408786522205912,0.277236942579187,"SP01","curr.jul"
"QUAL",0.0913678095925689,FALSE,-0.0646148700491209,0.266873835557334,"SP01","curr.aug"
"QUAL",0.0696089710513534,FALSE,-0.114230594793205,0.246648104580262,"SP02","prev.apr"
"QUAL",-0.10523817769582,FALSE,-0.250659109389292,0.058576683856313,"SP02","prev.may"
"QUAL",-0.214803410138209,TRUE,-0.340051001936194,-0.0771706481579751,"SP02","prev.jun"
"QUAL",-0.121179459491684,FALSE,-0.292207766419753,0.0420628730802944,"SP02","prev.jul"
"QUAL",-0.0721941821044448,FALSE,-0.259558389697958,0.12510030350032,"SP02","prev.aug"
"QUAL",0.172538645816514,TRUE,0.0236187652556909,0.326592851857833,"SP02","prev.sep"
"QUAL",-0.0245938365257073,FALSE,-0.173532610631667,0.11798408261286,"SP02","prev.oct"
"QUAL",-0.0665068569568032,FALSE,-0.213729130144049,0.0964095350801363,"SP02","prev.nov"
"QUAL",0.214308821774293,FALSE,0.00230799827507705,0.430960026011802,"SP02","prev.dec"
"QUAL",-0.180370093265446,FALSE,-0.359369419902866,0.00083378825890186,"SP02","curr.jan"
"QUAL",-0.11931785469454,FALSE,-0.281122735253414,0.0559463131837277,"SP02","curr.feb"
"QUAL",0.148757401105783,FALSE,-0.0279860470550425,0.321660042167895,"SP02","curr.mar"
"QUAL",-0.105193141143364,FALSE,-0.30012193859353,0.113084690529462,"SP02","curr.apr"
"QUAL",0.084739183954565,FALSE,-0.0729877436935172,0.233718983064818,"SP02","curr.may"
"QUAL",0.162783921473462,TRUE,0.030949488416384,0.304256748713787,"SP02","curr.jun"
"QUAL",0.083504121114606,FALSE,-0.0713239832749351,0.232022311056364,"SP02","curr.jul"
"QUAL",0.175290979712981,TRUE,0.00030237395703453,0.350788012268042,"SP02","curr.aug"
"QUAL",0.145797969920799,FALSE,-0.042185925593027,0.331894600497586,"SP03","prev.apr"
"QUAL",-0.0601491441758544,FALSE,-0.284038067800204,0.124939593397746,"SP03","prev.may"
"QUAL",-0.164706451334147,FALSE,-0.312886325144425,0.0430313513131429,"SP03","prev.jun"
"QUAL",-0.200617315319737,TRUE,-0.363309854375147,-0.0512873425222866,"SP03","prev.jul"
"QUAL",-0.0517536232955759,FALSE,-0.204058604896404,0.11242338080645,"SP03","prev.aug"
"QUAL",0.118832969195341,FALSE,-0.0212384105316273,0.259378247791779,"SP03","prev.sep"
"QUAL",0.00612514528281938,FALSE,-0.148188181142035,0.159407460405124,"SP03","prev.oct"
"QUAL",0.0505573781092465,FALSE,-0.0917260557534272,0.212046371675667,"SP03","prev.nov"
"QUAL",-0.0416614781556063,FALSE,-0.212873775545532,0.1115788892697,"SP03","prev.dec"
"QUAL",0.0616343159893122,FALSE,-0.108683812777119,0.241664330047966,"SP03","curr.jan"
"QUAL",-0.0880494572187591,FALSE,-0.250557985658046,0.0664071250625376,"SP03","curr.feb"
"QUAL",-0.00207861850639592,FALSE,-0.142182687019737,0.142545974633718,"SP03","curr.mar"
"QUAL",-0.0368782082926727,FALSE,-0.197565273777623,0.149882612357906,"SP03","curr.apr"
"QUAL",0.132242579665518,FALSE,-0.0704458536301516,0.319419170843837,"SP03","curr.may"
"QUAL",-0.0396993538953727,FALSE,-0.208691701737966,0.139510092545204,"SP03","curr.jun"
"QUAL",0.138684696242936,FALSE,-0.0113294899817619,0.280583626772835,"SP03","curr.jul"
"QUAL",0.231862736252167,TRUE,0.0349215294613615,0.431331165138289,"SP03","curr.aug"
"QUAL",0.174848100834216,FALSE,-0.0177074891109455,0.34917906787464,"SP06","prev.apr"
"QUAL",-0.015135595155763,FALSE,-0.165271079815367,0.102249252929362,"SP06","prev.may"
"QUAL",-0.123189157587488,FALSE,-0.281533609019657,0.0298781016440188,"SP06","prev.jun"
"QUAL",-0.155008910439044,FALSE,-0.304684414414387,0.0239089084357092,"SP06","prev.jul"
"QUAL",-0.0944639835573005,FALSE,-0.297373864484617,0.0995562300213796,"SP06","prev.aug"
"QUAL",0.0119576118401719,FALSE,-0.13512153389902,0.211883583750559,"SP06","prev.sep"
"QUAL",-0.0819313258325647,FALSE,-0.285207919540302,0.0226331371699072,"SP06","prev.oct"
"QUAL",0.0383753187348159,FALSE,-0.0996682430982308,0.206928572917604,"SP06","prev.nov"
"QUAL",0.122272934148156,TRUE,0.0176880153510495,0.24015963682928,"SP06","prev.dec"
"QUAL",0.0747980233887038,FALSE,-0.0610993527441656,0.199117188976193,"SP06","curr.jan"
"QUAL",-0.0328995573334515,FALSE,-0.178977102461736,0.123449877310716,"SP06","curr.feb"
"QUAL",-0.12645507355372,FALSE,-0.36051172003893,0.0489037591275209,"SP06","curr.mar"
"QUAL",-0.0285118524832487,FALSE,-0.193566243638384,0.194514806505962,"SP06","curr.apr"
"QUAL",0.00886919074262976,FALSE,-0.138216241001535,0.130048942291541,"SP06","curr.may"
"QUAL",-0.059622087545577,FALSE,-0.267425927287277,0.11368327325123,"SP06","curr.jun"
"QUAL",0.0971610148301566,FALSE,-0.0340181246671893,0.23904760172882,"SP06","curr.jul"
"QUAL",0.274202390569821,TRUE,0.0362520693614456,0.493727084585014,"SP06","curr.aug"
"QUAL",0.0722308767424723,FALSE,-0.107449759395455,0.289300926204765,"SP09","prev.apr"
"QUAL",0.0422981276704083,FALSE,-0.100543479264803,0.220735999088983,"SP09","prev.may"
"QUAL",-0.0919044998404121,FALSE,-0.374037656742236,0.0934616810895863,"SP09","prev.jun"
"QUAL",-0.183166196293348,FALSE,-0.479022135953956,0.0204024792949672,"SP09","prev.jul"
"QUAL",-0.071738866573169,FALSE,-0.279368525876784,0.0994482291912322,"SP09","prev.aug"
"QUAL",0.105011844050822,FALSE,-0.117251055529206,0.338937255822174,"SP09","prev.sep"
"QUAL",0.018683881023607,FALSE,-0.150916134966636,0.234672955402278,"SP09","prev.oct"
"QUAL",0.00206861585360553,FALSE,-0.14398185484865,0.192147084993888,"SP09","prev.nov"
"QUAL",-0.00717852344534602,FALSE,-0.212746150963841,0.190523613995946,"SP09","prev.dec"
"QUAL",-0.0606872675401692,FALSE,-0.284686206590352,0.0980181460523741,"SP09","curr.jan"
"QUAL",-0.065537616447378,FALSE,-0.26832942186943,0.148245515682316,"SP09","curr.feb"
"QUAL",0.038572784006498,FALSE,-0.152662071474276,0.241337173834442,"SP09","curr.mar"
"QUAL",0.0279598750783912,FALSE,-0.16255735680614,0.239161854226846,"SP09","curr.apr"
"QUAL",0.0270245429766743,FALSE,-0.21810423975977,0.281569563513235,"SP09","curr.may"
"QUAL",-0.134052129033537,FALSE,-0.410134165588596,0.120391372439522,"SP09","curr.jun"
"QUAL",0.118191885653266,FALSE,-0.0422341734709456,0.282873160602564,"SP09","curr.jul"
"QUAL",0.204459122738678,FALSE,-0.0184935126346997,0.425733114291728,"SP09","curr.aug"
"QUAL",-0.088226365283041,FALSE,-0.31705542240614,0.122011366538165,"SP12","prev.apr"
"QUAL",-0.071723166385589,FALSE,-0.194570167704221,0.0410648738270498,"SP12","prev.may"
"QUAL",-0.0314538563056637,FALSE,-0.198747398297159,0.141161702805532,"SP12","prev.jun"
"QUAL",-0.0344391658803098,FALSE,-0.197545997542144,0.145009218897997,"SP12","prev.jul"
"QUAL",0.0301314994302709,FALSE,-0.135127324813954,0.193190199724434,"SP12","prev.aug"
"QUAL",0.107024683787533,FALSE,-0.0557755116039616,0.291225051040057,"SP12","prev.sep"
"QUAL",0.0818370087204255,FALSE,-0.0975668372094526,0.229381378120507,"SP12","prev.oct"
"QUAL",0.0234245879933385,FALSE,-0.131187302758919,0.182727026891941,"SP12","prev.nov"
"QUAL",-0.023020047660665,FALSE,-0.138537109053802,0.0879567278373013,"SP12","prev.dec"
"QUAL",-0.0975053283095866,TRUE,-0.17455855462877,-0.00318334296442872,"SP12","curr.jan"
"QUAL",-0.147665409310393,TRUE,-0.266786450518869,-0.0165149204280218,"SP12","curr.feb"
"QUAL",-0.166228274003812,TRUE,-0.307597057781061,-0.0109992930596414,"SP12","curr.mar"
"QUAL",-0.141094886379177,FALSE,-0.316907312991115,-0.001029951508407,"SP12","curr.apr"
"QUAL",-0.0257229392858162,FALSE,-0.187329930280017,0.115173484805035,"SP12","curr.may"
"QUAL",0.0795433396009601,FALSE,-0.130634796366995,0.249058952513344,"SP12","curr.jun"
"QUAL",0.202463144581398,TRUE,0.0747825084707144,0.337810556922086,"SP12","curr.jul"
"QUAL",0.288237529896363,TRUE,0.0461126926848747,0.551784082154686,"SP12","curr.aug"
"QUAL",-0.00889310998404002,FALSE,-0.16693845048865,0.171654997967502,"SP24","prev.apr"
"QUAL",-0.00947623588758649,FALSE,-0.11809922430496,0.0589551457582439,"SP24","prev.may"
"QUAL",-0.010301697919979,FALSE,-0.123350475776547,0.0408474796124311,"SP24","prev.jun"
"QUAL",-0.00618073421448453,FALSE,-0.190882743837946,0.0526586493663161,"SP24","prev.jul"
"QUAL",0.00438707756548579,FALSE,-0.117450840442802,0.156105449865268,"SP24","prev.aug"
"QUAL",-0.00243723291910855,FALSE,-0.166166222005639,0.198299687099107,"SP24","prev.sep"
"QUAL",-0.0032030692879138,FALSE,-0.0848853129120526,0.146398205220734,"SP24","prev.oct"
"QUAL",-0.00824687043487102,FALSE,-0.108831706493301,0.13270968046008,"SP24","prev.nov"
"QUAL",0.0587677145060828,FALSE,-0.125552606967383,0.296340719561592,"SP24","prev.dec"
"QUAL",-0.0241708533740634,FALSE,-0.170659732299711,0.120811360478515,"SP24","curr.jan"
"QUAL",-0.085270605206778,FALSE,-0.197662354437353,0.0508875058064595,"SP24","curr.feb"
"QUAL",-0.180349747991493,TRUE,-0.328416060864662,-0.0341097070314616,"SP24","curr.mar"
"QUAL",-0.25037831075829,TRUE,-0.492943922146231,-0.0240754880085131,"SP24","curr.apr"
"QUAL",-0.200802679676622,FALSE,-0.464370927543041,0.0325038617885641,"SP24","curr.may"
"QUAL",-0.035026287756856,FALSE,-0.215696367301287,0.122818368042348,"SP24","curr.jun"
"QUAL",0.169580779302953,TRUE,0.0287927406791902,0.311481684362891,"SP24","curr.jul"
"QUAL",0.468368250436105,TRUE,0.0830001453153713,0.807027106646775,"SP24","curr.aug"
"QUAL",0.0342607455195356,FALSE,-0.162229762159779,0.198558382478631,"TMIN","prev.apr"
"QUAL",-0.0363047548989324,FALSE,-0.201083951895035,0.123351835710138,"TMIN","prev.may"
"QUAL",0.0344799079827012,FALSE,-0.136223740823627,0.200543521903034,"TMIN","prev.jun"
"QUAL",0.00432689504209995,FALSE,-0.177451629208245,0.157501083642923,"TMIN","prev.jul"
"QUAL",0.100217374478912,FALSE,-0.0862544320326515,0.273621577837693,"TMIN","prev.aug"
"QUAL",-0.00645946534644822,FALSE,-0.186928720350195,0.167347039007879,"TMIN","prev.sep"
"QUAL",0.0542971594033014,FALSE,-0.133871690912275,0.220765970504472,"TMIN","prev.oct"
"QUAL",0.042869660697655,FALSE,-0.143158078872326,0.221449864776036,"TMIN","prev.nov"
"QUAL",0.0858683417988155,FALSE,-0.0973375316100521,0.2780438346762,"TMIN","prev.dec"
"QUAL",0.00720069558568576,FALSE,-0.178154145613109,0.182170977112018,"TMIN","curr.jan"
"QUAL",0.033715371699288,FALSE,-0.143500409849844,0.211980535563504,"TMIN","curr.feb"
"QUAL",-0.00495928517644659,FALSE,-0.210466918304181,0.177260025168105,"TMIN","curr.mar"
"QUAL",0.120819016093766,FALSE,-0.0571285694604338,0.28708676925339,"TMIN","curr.apr"
"QUAL",-0.194874228087901,TRUE,-0.37255445226905,-0.00760537029959272,"TMIN","curr.may"
"QUAL",-0.173975355815754,FALSE,-0.354259831002853,-0.00486069835819501,"TMIN","curr.jun"
"QUAL",-0.000320848954899472,FALSE,-0.189427997976219,0.18713469827732,"TMIN","curr.jul"
"QUAL",0.00550125617395627,FALSE,-0.165186026011872,0.165860252098601,"TMIN","curr.aug"
"QUAL",0.00160244504667163,FALSE,-0.176014563099009,0.167307666540147,"TMAX","prev.apr"
"QUAL",0.105671326147293,FALSE,-0.0593674482163539,0.268331725083585,"TMAX","prev.may"
"QUAL",0.167942658006277,TRUE,0.00915864834660647,0.319740764158239,"TMAX","prev.jun"
"QUAL",0.0966542390505802,FALSE,-0.0461660543653022,0.271569347699666,"TMAX","prev.jul"
"QUAL",0.0247904667387549,FALSE,-0.153333475287058,0.203086864572626,"TMAX","prev.aug"
"QUAL",-0.0513918960110228,FALSE,-0.219249694195095,0.0875077413837837,"TMAX","prev.sep"
"QUAL",-0.0175997268751942,FALSE,-0.182071364778241,0.162018082198338,"TMAX","prev.oct"
"QUAL",-0.0325087985099012,FALSE,-0.200608649612469,0.123780846383662,"TMAX","prev.nov"
"QUAL",-0.0206264975061909,FALSE,-0.213284051136872,0.152621343769857,"TMAX","prev.dec"
"QUAL",0.0570658224101958,FALSE,-0.128278819859707,0.23095902276977,"TMAX","curr.jan"
"QUAL",0.023023793267521,FALSE,-0.161876140255813,0.197602253568132,"TMAX","curr.feb"
"QUAL",-0.0554872963471513,FALSE,-0.227293196609051,0.119562469796573,"TMAX","curr.mar"
"QUAL",0.0974878018855368,FALSE,-0.0910887630705249,0.271042848916339,"TMAX","curr.apr"
"QUAL",-0.227999471256983,TRUE,-0.394586694282778,-0.052436251641652,"TMAX","curr.may"
"QUAL",-0.168338672317855,FALSE,-0.363901580323676,0.0183007823295736,"TMAX","curr.jun"
"QUAL",-0.110655317552548,FALSE,-0.279457817380236,0.0828749415296612,"TMAX","curr.jul"
"QUAL",-0.0557510755085509,FALSE,-0.192312985965601,0.0964513693809989,"TMAX","curr.aug"
"QUAL",-0.0131892494618979,FALSE,-0.169145979872289,0.133160862065401,"PDSI_prewhiten","prev.apr"
"QUAL",-0.262152813104328,TRUE,-0.424995035211557,-0.0950396879049971,"PDSI_prewhiten","prev.may"
"QUAL",-0.126706074380768,FALSE,-0.326247668175182,0.061244032067391,"PDSI_prewhiten","prev.jun"
"QUAL",0.0115257263797315,FALSE,-0.154909437446099,0.168947675496061,"PDSI_prewhiten","prev.jul"
"QUAL",-0.00820674448423645,FALSE,-0.151090451640854,0.158811526343393,"PDSI_prewhiten","prev.aug"
"QUAL",0.130016596925588,FALSE,-0.0135490691782743,0.280038693365916,"PDSI_prewhiten","prev.sep"
"QUAL",-0.00145874219667039,FALSE,-0.177084861576462,0.157201132416692,"PDSI_prewhiten","prev.oct"
"QUAL",-0.000567457133093539,FALSE,-0.188828651090871,0.164300212526535,"PDSI_prewhiten","prev.nov"
"QUAL",-0.0158410824003125,FALSE,-0.159463612082287,0.113874538660566,"PDSI_prewhiten","prev.dec"
"QUAL",-0.0781902098268069,FALSE,-0.268285876488833,0.119210986907989,"PDSI_prewhiten","curr.jan"
"QUAL",0.0747964859613323,FALSE,-0.0771676052210191,0.224737420820597,"PDSI_prewhiten","curr.feb"
"QUAL",0.118625068176116,FALSE,-0.0487921295675556,0.270711863004716,"PDSI_prewhiten","curr.mar"
"QUAL",0.00415360359705388,FALSE,-0.174082703109513,0.175734346043557,"PDSI_prewhiten","curr.apr"
"QUAL",0.18024531004394,FALSE,-0.00238661441781354,0.382745460522743,"PDSI_prewhiten","curr.may"
"QUAL",0.156631385353675,FALSE,-0.00801077085111836,0.323739757059324,"PDSI_prewhiten","curr.jun"
"QUAL",0.117549702470356,FALSE,-0.0631217886537351,0.273772803400225,"PDSI_prewhiten","curr.jul"
"QUAL",0.0732121113813489,FALSE,-0.206417210216423,0.286496353148249,"PDSI_prewhiten","curr.aug"
"QUAL",0.109202659216647,FALSE,-0.0659625345628501,0.271684441189079,"PHDI_prewhiten","prev.apr"
"QUAL",-0.19749176550429,TRUE,-0.385753792204672,-0.0161387503399813,"PHDI_prewhiten","prev.may"
"QUAL",-0.181940013066472,FALSE,-0.374793547414076,0.00753394923968488,"PHDI_prewhiten","prev.jun"
"QUAL",-0.112215692204373,FALSE,-0.287484815168297,0.0574516140510805,"PHDI_prewhiten","prev.jul"
"QUAL",0.0587008380717052,FALSE,-0.151843589475633,0.252502056432814,"PHDI_prewhiten","prev.aug"
"QUAL",0.122735778860902,FALSE,-0.0476877408212743,0.298211944198388,"PHDI_prewhiten","prev.sep"
"QUAL",-0.109583815327452,FALSE,-0.274818624424088,0.0620418900533299,"PHDI_prewhiten","prev.oct"
"QUAL",0.049221871554462,FALSE,-0.113741799678414,0.226623588380265,"PHDI_prewhiten","prev.nov"
"QUAL",0.041215775329832,FALSE,-0.104794219916066,0.178663356316018,"PHDI_prewhiten","prev.dec"
"QUAL",-0.0278222773821731,FALSE,-0.23272972178625,0.169760801502482,"PHDI_prewhiten","curr.jan"
"QUAL",0.0815827030220092,FALSE,-0.0951000345768796,0.235129524368922,"PHDI_prewhiten","curr.feb"
"QUAL",-0.0942651589776086,FALSE,-0.242653242432891,0.0768546067578413,"PHDI_prewhiten","curr.mar"
"QUAL",0.00224087769453662,FALSE,-0.197656352855729,0.175845407739856,"PHDI_prewhiten","curr.apr"
"QUAL",0.187440155304588,FALSE,-0.0255537489986083,0.371105709453018,"PHDI_prewhiten","curr.may"
"QUAL",0.108445875554629,FALSE,-0.0486442671386893,0.288534520338225,"PHDI_prewhiten","curr.jun"
"QUAL",0.12740516028049,FALSE,-0.0346126739245815,0.291735312697759,"PHDI_prewhiten","curr.jul"
"QUAL",0.228538627488032,TRUE,0.0107837295140217,0.442868034584339,"PHDI_prewhiten","curr.aug"
"QUAL",-0.00542036879698567,FALSE,-0.171142964451643,0.171136635013088,"PMDI_prewhiten","prev.apr"
"QUAL",-0.21585463176429,TRUE,-0.415821000993717,-0.0347048700631971,"PMDI_prewhiten","prev.may"
"QUAL",-0.190003653788845,FALSE,-0.366317275657942,0.00491739730709107,"PMDI_prewhiten","prev.jun"
"QUAL",-0.120467939930072,FALSE,-0.282507689424763,0.0432338363967627,"PMDI_prewhiten","prev.jul"
"QUAL",0.0153055522904854,FALSE,-0.145139294549886,0.180118619202535,"PMDI_prewhiten","prev.aug"
"QUAL",0.0867654820362359,FALSE,-0.0680396874155109,0.235984368537444,"PMDI_prewhiten","prev.sep"
"QUAL",-0.0729361651943133,FALSE,-0.231292687842529,0.0737468758181295,"PMDI_prewhiten","prev.oct"
"QUAL",0.043312133147461,FALSE,-0.099496950740588,0.194125172523853,"PMDI_prewhiten","prev.nov"
"QUAL",0.0814633002967558,FALSE,-0.0654165143955706,0.209583634069838,"PMDI_prewhiten","prev.dec"
"QUAL",-0.129541720264779,FALSE,-0.312689386821111,0.063595728151302,"PMDI_prewhiten","curr.jan"
"QUAL",0.106019862909001,FALSE,-0.0606317267950912,0.259395078042877,"PMDI_prewhiten","curr.feb"
"QUAL",0.00609344449157161,FALSE,-0.142358087217058,0.17201493884835,"PMDI_prewhiten","curr.mar"
"QUAL",-0.0294245271227189,FALSE,-0.232211087548186,0.179919159738658,"PMDI_prewhiten","curr.apr"
"QUAL",0.208573073565107,TRUE,0.0273141468503827,0.377955223462226,"PMDI_prewhiten","curr.may"
"QUAL",0.100144103014668,FALSE,-0.0401085301784733,0.246006529473528,"PMDI_prewhiten","curr.jun"
"QUAL",0.153723449412204,FALSE,-0.0509901646313375,0.314565276415174,"PMDI_prewhiten","curr.jul"
"QUAL",0.09949202738203,FALSE,-0.0898656244481859,0.330086277829012,"PMDI_prewhiten","curr.aug"
"QUPR",-0.0463169775555308,FALSE,-0.216339798391723,0.115446329553758,"PCP","prev.apr"
"QUPR",-0.327595814590029,TRUE,-0.505639204792838,-0.153774482556267,"PCP","prev.may"
"QUPR",-0.160591338870125,FALSE,-0.323650056263279,0.00109778466816229,"PCP","prev.jun"
"QUPR",-0.110271198752131,FALSE,-0.273211744802152,0.0480961949558889,"PCP","prev.jul"
"QUPR",0.0273189787523849,FALSE,-0.141584830781707,0.184221626080451,"PCP","prev.aug"
"QUPR",0.0137415577316895,FALSE,-0.143722364772064,0.157996782956759,"PCP","prev.sep"
"QUPR",-0.140997293959675,FALSE,-0.332026500941836,0.0537286958598095,"PCP","prev.oct"
"QUPR",0.0652639777092954,FALSE,-0.103317401697746,0.227032378026047,"PCP","prev.nov"
"QUPR",0.00482203068706796,FALSE,-0.145014647138549,0.154836511343388,"PCP","prev.dec"
"QUPR",-0.100438214599229,FALSE,-0.269070595372093,0.0926943058539373,"PCP","curr.jan"
"QUPR",0.1050007536936,FALSE,-0.0528726981051843,0.260833312856651,"PCP","curr.feb"
"QUPR",0.0193420434326556,FALSE,-0.136934901549473,0.172321343207935,"PCP","curr.mar"
"QUPR",0.0279348366574025,FALSE,-0.150851202798778,0.194144460349849,"PCP","curr.apr"
"QUPR",0.156820510216664,FALSE,-0.00934851876019602,0.309855189623445,"PCP","curr.may"
"QUPR",0.0949639730032314,FALSE,-0.0427358973576185,0.249621706571994,"PCP","curr.jun"
"QUPR",0.132700642969508,FALSE,-0.0447352857452715,0.279087252651135,"PCP","curr.jul"
"QUPR",0.0751894597834366,FALSE,-0.112151149776004,0.249707055843288,"PCP","curr.aug"
"QUPR",0.0887203065227182,FALSE,-0.0957943993723789,0.251145049682186,"TAVG","prev.apr"
"QUPR",0.160091710375647,TRUE,0.00774732935294658,0.319855318547099,"TAVG","prev.may"
"QUPR",0.112690002697395,FALSE,-0.0557697377171819,0.28369339669134,"TAVG","prev.jun"
"QUPR",0.0727302234528173,FALSE,-0.0749648189475384,0.231108801239199,"TAVG","prev.jul"
"QUPR",-0.00324588735991298,FALSE,-0.191774700413793,0.178624119850621,"TAVG","prev.aug"
"QUPR",0.0179284925224481,FALSE,-0.140726949959762,0.176026738900399,"TAVG","prev.sep"
"QUPR",-0.0697648842379267,FALSE,-0.240509676290202,0.0965844786310942,"TAVG","prev.oct"
"QUPR",-0.0133461198902737,FALSE,-0.221675811425714,0.183410327920316,"TAVG","prev.nov"
"QUPR",0.00508735794604917,FALSE,-0.168049007144126,0.176109040442,"TAVG","prev.dec"
"QUPR",-0.00687994655878718,FALSE,-0.175832723212989,0.173303035911168,"TAVG","curr.jan"
"QUPR",0.0706607088957262,FALSE,-0.113187629433236,0.231884153437383,"TAVG","curr.feb"
"QUPR",-0.0633846266432928,FALSE,-0.253795473061115,0.114862151633918,"TAVG","curr.mar"
"QUPR",-0.0160353916260147,FALSE,-0.189826678041526,0.178474091101781,"TAVG","curr.apr"
"QUPR",-0.181245441894839,TRUE,-0.343776871625564,-0.0142816912450617,"TAVG","curr.may"
"QUPR",-0.12787956326453,FALSE,-0.355447471934081,0.0628551452196976,"TAVG","curr.jun"
"QUPR",-0.0134086706993567,FALSE,-0.208425330282588,0.175864302642771,"TAVG","curr.jul"
"QUPR",-0.0755558188603142,FALSE,-0.222299677722037,0.0932876818330206,"TAVG","curr.aug"
"QUPR",0.0955173774707341,FALSE,-0.079222210244984,0.357002796575942,"PDSI","prev.apr"
"QUPR",-0.0916868134709738,FALSE,-0.298101582086359,0.0366088783993554,"PDSI","prev.may"
"QUPR",-0.222085347510836,TRUE,-0.412787149265585,-0.0582537806892644,"PDSI","prev.jun"
"QUPR",-0.12887656624918,TRUE,-0.260723894534985,-0.00578947778253439,"PDSI","prev.jul"
"QUPR",-0.0127379345439744,FALSE,-0.187918181178035,0.197186004649254,"PDSI","prev.aug"
"QUPR",0.1390973142945,FALSE,-0.0757500207483701,0.361626588677942,"PDSI","prev.sep"
"QUPR",-0.0733281542803089,FALSE,-0.239844088731444,0.0759993180733179,"PDSI","prev.oct"
"QUPR",-0.0827524863534371,FALSE,-0.226816933391798,0.0716936527765161,"PDSI","prev.nov"
"QUPR",-0.0404874104992948,FALSE,-0.17463904616742,0.0967955202609429,"PDSI","prev.dec"
"QUPR",-0.0233896663748237,FALSE,-0.180039354828177,0.120279317378458,"PDSI","curr.jan"
"QUPR",-0.031773937733596,FALSE,-0.164120220521585,0.0982464384130149,"PDSI","curr.feb"
"QUPR",-0.0245801842568378,FALSE,-0.159953558722146,0.140635434850574,"PDSI","curr.mar"
"QUPR",-0.00368997890124397,FALSE,-0.175661130659264,0.165926067939395,"PDSI","curr.apr"
"QUPR",0.139970010704034,FALSE,-0.0741372991864088,0.320242402834909,"PDSI","curr.may"
"QUPR",0.144721204714858,FALSE,-0.103876602761179,0.314712129041987,"PDSI","curr.jun"
"QUPR",0.0942146086983832,FALSE,-0.0130633685468763,0.221430794687062,"PDSI","curr.jul"
"QUPR",-0.00398646288490977,FALSE,-0.182525643357395,0.229906370597363,"PDSI","curr.aug"
"QUPR",0.281009990006931,TRUE,0.0513268595255967,0.500590685559806,"PHDI","prev.apr"
"QUPR",0.0369405753817631,FALSE,-0.138389851170039,0.182790892925584,"PHDI","prev.may"
"QUPR",-0.24704791586871,TRUE,-0.411348560983872,-0.0659083488929037,"PHDI","prev.jun"
"QUPR",-0.309637391841218,TRUE,-0.519528620771952,-0.118708065528354,"PHDI","prev.jul"
"QUPR",-0.0849984252247374,FALSE,-0.277342743036135,0.133948967766071,"PHDI","prev.aug"
"QUPR",0.0578574685331999,FALSE,-0.140255376579745,0.301455292517735,"PHDI","prev.sep"
"QUPR",0.0374587883516806,FALSE,-0.101264198918628,0.160878293461643,"PHDI","prev.oct"
"QUPR",-0.020624523642258,FALSE,-0.207813372718278,0.13347773653252,"PHDI","prev.nov"
"QUPR",-0.041307397759182,FALSE,-0.213730516089174,0.114772677296397,"PHDI","prev.dec"
"QUPR",-0.0251507642504039,FALSE,-0.156901800695351,0.119978388851113,"PHDI","curr.jan"
"QUPR",0.0308868007283361,FALSE,-0.119797909163772,0.211275621483769,"PHDI","curr.feb"
"QUPR",-0.0211808733598637,FALSE,-0.20553245291393,0.181775718518495,"PHDI","curr.mar"
"QUPR",-0.151997070662833,FALSE,-0.316332051703725,0.0185462452371778,"PHDI","curr.apr"
"QUPR",-0.0428252453944979,FALSE,-0.230359796977138,0.136560786526051,"PHDI","curr.may"
"QUPR",0.082416065572039,FALSE,-0.144787243057847,0.254595300646306,"PHDI","curr.jun"
"QUPR",0.18375639133212,TRUE,0.0485508419914663,0.317422708161067,"PHDI","curr.jul"
"QUPR",0.181768398632205,FALSE,0.00391960860361866,0.376787384370799,"PHDI","curr.aug"
"QUPR",-0.0592298760651671,FALSE,-0.237276275807413,0.108926429611238,"ZNDX","prev.apr"
"QUPR",-0.319531573743525,TRUE,-0.497583995868112,-0.145552184194668,"ZNDX","prev.may"
"QUPR",-0.176419426002856,TRUE,-0.335496952767203,-0.0151960175855626,"ZNDX","prev.jun"
"QUPR",-0.120288981360905,FALSE,-0.268525562994859,0.0381939608997036,"ZNDX","prev.jul"
"QUPR",0.00755382658266875,FALSE,-0.155465640312503,0.171841605783164,"ZNDX","prev.aug"
"QUPR",0.0218232285358974,FALSE,-0.106230722799148,0.149905399842918,"ZNDX","prev.sep"
"QUPR",-0.122394836703289,FALSE,-0.313723415890426,0.0657573001300505,"ZNDX","prev.oct"
"QUPR",0.0700953111717254,FALSE,-0.0894780127815614,0.204729127227394,"ZNDX","prev.nov"
"QUPR",0.0421217478762184,FALSE,-0.105287275054916,0.18073114013252,"ZNDX","prev.dec"
"QUPR",-0.0879193477545312,FALSE,-0.257807571179407,0.0942381966006725,"ZNDX","curr.jan"
"QUPR",0.0865885394502502,FALSE,-0.0772423451981801,0.241227951498515,"ZNDX","curr.feb"
"QUPR",0.0230090208414396,FALSE,-0.125322300649089,0.165660269516115,"ZNDX","curr.mar"
"QUPR",0.030887525569602,FALSE,-0.15196385953093,0.203344823310612,"ZNDX","curr.apr"
"QUPR",0.166858211555764,FALSE,-0.00579191066194613,0.31730265985241,"ZNDX","curr.may"
"QUPR",0.0741065623213568,FALSE,-0.0648953674139807,0.235364951791891,"ZNDX","curr.jun"
"QUPR",0.130371008896819,FALSE,-0.065479838972537,0.281017047074402,"ZNDX","curr.jul"
"QUPR",0.0710441248098605,FALSE,-0.084553034399777,0.240658971974046,"ZNDX","curr.aug"
"QUPR",0.198726518869746,FALSE,0.0185071651026278,0.42356839919906,"PMDI","prev.apr"
"QUPR",-0.0442481483803109,FALSE,-0.28357901642544,0.120524416873223,"PMDI","prev.may"
"QUPR",-0.228747218997867,TRUE,-0.378110482153633,-0.0749370322539631,"PMDI","prev.jun"
"QUPR",-0.243279748708656,TRUE,-0.401798686873453,-0.100443372467986,"PMDI","prev.jul"
"QUPR",-0.0223304822744695,FALSE,-0.196100486377348,0.158238596967163,"PMDI","prev.aug"
"QUPR",0.066568417673961,FALSE,-0.0804672992067251,0.255264315115255,"PMDI","prev.sep"
"QUPR",0.00543900359087283,FALSE,-0.150045550250317,0.149370309304132,"PMDI","prev.oct"
"QUPR",-0.0495117093057846,FALSE,-0.188504380008645,0.0905217047197805,"PMDI","prev.nov"
"QUPR",-0.0505292622646534,FALSE,-0.165082378651637,0.0636070607385675,"PMDI","prev.dec"
"QUPR",-0.037192398377956,FALSE,-0.23960498920126,0.131060191602384,"PMDI","curr.jan"
"QUPR",0.0265651322744703,FALSE,-0.149762220608118,0.18563756016274,"PMDI","curr.feb"
"QUPR",-0.00413335172222392,FALSE,-0.158331501537385,0.186533598378952,"PMDI","curr.mar"
"QUPR",-0.0431840300502152,FALSE,-0.196969239452247,0.142223244545463,"PMDI","curr.apr"
"QUPR",0.00337914793018601,FALSE,-0.175822863502506,0.229371417973644,"PMDI","curr.may"
"QUPR",0.0945778013721311,FALSE,-0.175898064738521,0.233607026284647,"PMDI","curr.jun"
"QUPR",0.156621287666588,TRUE,0.0478707549634219,0.272237658968703,"PMDI","curr.jul"
"QUPR",0.0876662628777798,FALSE,-0.0674286693369049,0.295494083299001,"PMDI","curr.aug"
"QUPR",-0.0660111490529746,FALSE,-0.239577673757078,0.118910415361489,"SP01","prev.apr"
"QUPR",-0.336631216264772,TRUE,-0.504229438513171,-0.182322610168499,"SP01","prev.may"
"QUPR",-0.15320158602136,FALSE,-0.317928459308851,-0.00336928952467201,"SP01","prev.jun"
"QUPR",-0.108984750263863,FALSE,-0.270443796181671,0.0462574264863637,"SP01","prev.jul"
"QUPR",0.0124721235878434,FALSE,-0.150137642577161,0.157192054500036,"SP01","prev.aug"
"QUPR",0.00527973375668516,FALSE,-0.133685798858797,0.168233294136436,"SP01","prev.sep"
"QUPR",-0.113531489416317,FALSE,-0.275970737378038,0.0540581269630196,"SP01","prev.oct"
"QUPR",0.0850809898584703,FALSE,-0.0807151338836457,0.227578879988278,"SP01","prev.nov"
"QUPR",0.015067992307882,FALSE,-0.140233045306378,0.155719035730488,"SP01","prev.dec"
"QUPR",-0.109502529608935,FALSE,-0.273936555357749,0.065883654494039,"SP01","curr.jan"
"QUPR",0.108493056312585,FALSE,-0.0711300465714189,0.263641028308451,"SP01","curr.feb"
"QUPR",0.0277200358247896,FALSE,-0.135434621760801,0.192697682830129,"SP01","curr.mar"
"QUPR",-0.000157644893027954,FALSE,-0.181147210749197,0.163530415731971,"SP01","curr.apr"
"QUPR",0.156474607113866,FALSE,-0.00721234448067046,0.311766617117573,"SP01","curr.may"
"QUPR",0.0997354530229644,FALSE,-0.0425612140814641,0.259104933065755,"SP01","curr.jun"
"QUPR",0.106909361876806,FALSE,-0.0574385606221494,0.248043976324087,"SP01","curr.jul"
"QUPR",0.0651559893414876,FALSE,-0.0856672493724237,0.2179781608013,"SP01","curr.aug"
"QUPR",0.0717420179876769,FALSE,-0.124939884997711,0.258158235034884,"SP02","prev.apr"
"QUPR",-0.20616848533551,TRUE,-0.361369807421708,-0.0557229435106046,"SP02","prev.may"
"QUPR",-0.246748753089856,TRUE,-0.36575053354037,-0.109099910077163,"SP02","prev.jun"
"QUPR",-0.073452120665599,FALSE,-0.231540656833684,0.0865086672674032,"SP02","prev.jul"
"QUPR",-0.0730299342607062,FALSE,-0.266994269316351,0.121031129602801,"SP02","prev.aug"
"QUPR",0.0987100991354497,FALSE,-0.0555079355423457,0.25735284255854,"SP02","prev.sep"
"QUPR",-0.0607431589104753,FALSE,-0.212131769854375,0.0840148784672887,"SP02","prev.oct"
"QUPR",-0.0742604681250051,FALSE,-0.221432747637496,0.0906059321749636,"SP02","prev.nov"
"QUPR",0.155547669879118,FALSE,-0.0514492437045907,0.356623393807574,"SP02","prev.dec"
"QUPR",-0.154785370931339,FALSE,-0.343655287575968,0.0196665806466396,"SP02","curr.jan"
"QUPR",-0.0423731721993448,FALSE,-0.21188778049191,0.123353471502239,"SP02","curr.feb"
"QUPR",0.167328773796388,FALSE,-0.0103196602440922,0.323285640907054,"SP02","curr.mar"
"QUPR",-0.056708043544263,FALSE,-0.257505566798148,0.133825261621209,"SP02","curr.apr"
"QUPR",0.084557037085058,FALSE,-0.0776291420421804,0.234911099767616,"SP02","curr.may"
"QUPR",0.142217121521638,TRUE,0.0059888336840439,0.268292663290431,"SP02","curr.jun"
"QUPR",0.0802824880414225,FALSE,-0.0740092364332947,0.234259945427863,"SP02","curr.jul"
"QUPR",0.120658351297175,FALSE,-0.0673256675158559,0.303371354147176,"SP02","curr.aug"
"QUPR",0.179374291678544,FALSE,-0.0298627742776741,0.368125752609652,"SP03","prev.apr"
"QUPR",-0.147075250552893,FALSE,-0.359816791413403,0.0172037793317763,"SP03","prev.may"
"QUPR",-0.193318638499032,FALSE,-0.341166970437599,0.0197213808306709,"SP03","prev.jun"
"QUPR",-0.216624487282449,TRUE,-0.384175088509993,-0.0762378355195251,"SP03","prev.jul"
"QUPR",-0.00272195020081733,FALSE,-0.170367383972637,0.160292165620739,"SP03","prev.aug"
"QUPR",0.0763407016849332,FALSE,-0.0723431528677994,0.223621725101828,"SP03","prev.sep"
"QUPR",-0.034906696030428,FALSE,-0.210245272068874,0.109949611970977,"SP03","prev.oct"
"QUPR",0.00127373967556619,FALSE,-0.148973464755507,0.180356910189676,"SP03","prev.nov"
"QUPR",-0.0555669700187934,FALSE,-0.234463095091404,0.10485011687576,"SP03","prev.dec"
"QUPR",0.0571758741007544,FALSE,-0.0957385008955341,0.22219633941126,"SP03","curr.jan"
"QUPR",-0.0428784669052612,FALSE,-0.199222414654114,0.112740888732184,"SP03","curr.feb"
"QUPR",0.0160110803148888,FALSE,-0.136297808833007,0.179119540678884,"SP03","curr.mar"
"QUPR",0.00699481231068852,FALSE,-0.153558984088971,0.173016758348282,"SP03","curr.apr"
"QUPR",0.105786934948249,FALSE,-0.100428589336108,0.291015669361144,"SP03","curr.may"
"QUPR",-0.00597485488587852,FALSE,-0.184182446862817,0.186505481610299,"SP03","curr.jun"
"QUPR",0.0983635689242091,FALSE,-0.0372600235146293,0.259789477603125,"SP03","curr.jul"
"QUPR",0.18727912969694,TRUE,0.00876770061375982,0.348226405057111,"SP03","curr.aug"
"QUPR",0.200592469940301,TRUE,0.0363176401752299,0.382349911991499,"SP06","prev.apr"
"QUPR",-0.0479210572746032,FALSE,-0.209734607231546,0.0582386607262146,"SP06","prev.may"
"QUPR",-0.156360482409221,TRUE,-0.311567471802277,-0.0210262185221844,"SP06","prev.jun"
"QUPR",-0.140944811180828,FALSE,-0.291265770904683,0.0677614486501759,"SP06","prev.jul"
"QUPR",-0.0861446118548366,FALSE,-0.272669556163229,0.130041847090916,"SP06","prev.aug"
"QUPR",-0.0206261713766828,FALSE,-0.200987023206394,0.190925596219665,"SP06","prev.sep"
"QUPR",-0.131500429979966,FALSE,-0.314579850748916,-0.0256192423195309,"SP06","prev.oct"
"QUPR",0.0339901040266531,FALSE,-0.0937953710557955,0.225172407999727,"SP06","prev.nov"
"QUPR",0.105811693881606,FALSE,0.000898379468357139,0.224921176291159,"SP06","prev.dec"
"QUPR",0.0404521135312149,FALSE,-0.113574620770379,0.143309086645408,"SP06","curr.jan"
"QUPR",-0.0619022753268523,FALSE,-0.195127758652073,0.0862994964981968,"SP06","curr.feb"
"QUPR",-0.125161813104556,FALSE,-0.337825331769193,0.0742004470942138,"SP06","curr.mar"
"QUPR",0.0249955088498186,FALSE,-0.159979598294672,0.29680211742388,"SP06","curr.apr"
"QUPR",0.0288787809831328,FALSE,-0.132201939928292,0.184433433723126,"SP06","curr.may"
"QUPR",-0.0312097401550324,FALSE,-0.212242150439871,0.15797819178871,"SP06","curr.jun"
"QUPR",0.0999637975060132,FALSE,-0.0333054065128378,0.248948565781666,"SP06","curr.jul"
"QUPR",0.194168773176845,FALSE,-0.0303824595243168,0.377170767404405,"SP06","curr.aug"
"QUPR",0.0550340520566136,FALSE,-0.107512125842044,0.262757112842358,"SP09","prev.apr"
"QUPR",-0.00617748074408059,FALSE,-0.153616191619881,0.143492219328009,"SP09","prev.may"
"QUPR",-0.0790364283584165,FALSE,-0.32093743790269,0.0885482101715754,"SP09","prev.jun"
"QUPR",-0.106751803014705,FALSE,-0.38824054485529,0.0747386573595868,"SP09","prev.jul"
"QUPR",-0.00278993052523761,FALSE,-0.178973410095812,0.162629297919625,"SP09","prev.aug"
"QUPR",0.0873522419541848,FALSE,-0.0953425181930419,0.279912764507321,"SP09","prev.sep"
"QUPR",-0.0487667517383253,FALSE,-0.193283475981498,0.108603824353488,"SP09","prev.oct"
"QUPR",-0.0995877041029643,FALSE,-0.233098893678103,0.0601841273777703,"SP09","prev.nov"
"QUPR",-0.127324212970441,FALSE,-0.299044530348489,0.0528759163444491,"SP09","prev.dec"
"QUPR",-0.0983786322974012,FALSE,-0.260520045274518,0.0320699624412612,"SP09","curr.jan"
"QUPR",-0.0041956035470444,FALSE,-0.187717840601653,0.178860929227599,"SP09","curr.feb"
"QUPR",0.0952028997903068,FALSE,-0.0843953296428745,0.262419354219642,"SP09","curr.mar"
"QUPR",0.0791929276412271,FALSE,-0.0960433458842609,0.257243648024802,"SP09","curr.apr"
"QUPR",0.0118598805472406,FALSE,-0.231060506623723,0.222226777566487,"SP09","curr.may"
"QUPR",-0.115506745697647,FALSE,-0.360534872780528,0.11334236574903,"SP09","curr.jun"
"QUPR",0.114164742721324,FALSE,-0.0141323262986519,0.278310091096875,"SP09","curr.jul"
"QUPR",0.170035346180644,FALSE,-0.0204064611975071,0.363703978271382,"SP09","curr.aug"
"QUPR",-0.0946722568325839,FALSE,-0.312033838185372,0.110320021729889,"SP12","prev.apr"
"QUPR",-0.085809988065659,FALSE,-0.221375441668689,0.0261482998795529,"SP12","prev.may"
"QUPR",-0.0319523278857964,FALSE,-0.171455907237305,0.124568754312737,"SP12","prev.jun"
"QUPR",-0.0230730238901742,FALSE,-0.159281852456203,0.154151021912427,"SP12","prev.jul"
"QUPR",0.0571213106287591,FALSE,-0.082325407554326,0.211297281845545,"SP12","prev.aug"
"QUPR",0.118013568875326,FALSE,-0.0664023120479396,0.318402288414897,"SP12","prev.sep"
"QUPR",0.0356610202059616,FALSE,-0.113714723339458,0.174257245131859,"SP12","prev.oct"
"QUPR",-0.0251832601653398,FALSE,-0.145880020314138,0.118861935300672,"SP12","prev.nov"
"QUPR",-0.068247851075607,FALSE,-0.174767531189345,0.0291128168980139,"SP12","prev.dec"
"QUPR",-0.123972812951179,TRUE,-0.216296806065835,-0.0454330309398372,"SP12","curr.jan"
"QUPR",-0.159535623355535,TRUE,-0.271831212139038,-0.055813875984534,"SP12","curr.feb"
"QUPR",-0.165952909878939,TRUE,-0.315213020372524,-0.0309185487986948,"SP12","curr.mar"
"QUPR",-0.115267103535717,FALSE,-0.268438523018461,0.00780039291995762,"SP12","curr.apr"
"QUPR",0.0109356704376496,FALSE,-0.112606885818014,0.139058108041991,"SP12","curr.may"
"QUPR",0.0947826600007685,FALSE,-0.0706534852049423,0.253858743667316,"SP12","curr.jun"
"QUPR",0.190157255790103,TRUE,0.0750492049102668,0.329071350539384,"SP12","curr.jul"
"QUPR",0.242787538664999,TRUE,0.00965761232381511,0.47294472257972,"SP12","curr.aug"
"QUPR",0.00408938991251071,FALSE,-0.13314462266791,0.165684743379554,"SP24","prev.apr"
"QUPR",0.00356720578304246,FALSE,-0.0994190160895623,0.0839166556911108,"SP24","prev.may"
"QUPR",0.00267406510477646,FALSE,-0.0962449635507294,0.049182976611903,"SP24","prev.jun"
"QUPR",0.00333186842531524,FALSE,-0.141153853400029,0.0506211110225582,"SP24","prev.jul"
"QUPR",0.0100404184024358,FALSE,-0.138195487308348,0.12305628008679,"SP24","prev.aug"
"QUPR",0.00591814529172415,FALSE,-0.160212558152398,0.150600479735676,"SP24","prev.sep"
"QUPR",0.00409791007931496,FALSE,-0.117461022781094,0.111786455572454,"SP24","prev.oct"
"QUPR",0.00194249950118409,FALSE,-0.126288085216238,0.0935028599878986,"SP24","prev.nov"
"QUPR",-0.0310035746592428,FALSE,-0.199886127687657,0.190641831228828,"SP24","prev.dec"
"QUPR",-0.0711683668717107,FALSE,-0.194033166221173,0.0692843639959994,"SP24","curr.jan"
"QUPR",-0.101264398792684,FALSE,-0.195628959998093,0.0193012602088128,"SP24","curr.feb"
"QUPR",-0.151877837392575,TRUE,-0.287174063033822,-0.0262425006200588,"SP24","curr.mar"
"QUPR",-0.182831061323244,FALSE,-0.406427000400138,-0.000808191419226213,"SP24","curr.apr"
"QUPR",-0.115634048834845,FALSE,-0.365333959347283,0.048818831615291,"SP24","curr.may"
"QUPR",0.00601774221759973,FALSE,-0.16412852166309,0.134498045221262,"SP24","curr.jun"
"QUPR",0.137986106737888,FALSE,-0.00164741281019341,0.279230253877231,"SP24","curr.jul"
"QUPR",0.338439742137499,TRUE,0.0273934297381316,0.619131438822461,"SP24","curr.aug"
"QUPR",0.0922609721124122,FALSE,-0.0933634478788106,0.267044688747658,"TMIN","prev.apr"
"QUPR",0.0388233065632763,FALSE,-0.13351646802671,0.197844826014495,"TMIN","prev.may"
"QUPR",0.0388299020183124,FALSE,-0.148278525373637,0.216821463753909,"TMIN","prev.jun"
"QUPR",0.0160951754315767,FALSE,-0.158989248008973,0.18441825966678,"TMIN","prev.jul"
"QUPR",-0.00526667415392793,FALSE,-0.224209995048214,0.178243313848101,"TMIN","prev.aug"
"QUPR",0.0579055061583141,FALSE,-0.114342634640407,0.226161662919985,"TMIN","prev.sep"
"QUPR",-0.0369421697132727,FALSE,-0.192860134537177,0.120591046928435,"TMIN","prev.oct"
"QUPR",0.00340135980584067,FALSE,-0.210594857939686,0.193869781735497,"TMIN","prev.nov"
"QUPR",0.0748192035170054,FALSE,-0.104329122756358,0.257013448858285,"TMIN","prev.dec"
"QUPR",-0.0306417589290307,FALSE,-0.220502071001777,0.151419030984026,"TMIN","curr.jan"
"QUPR",0.0812719247230761,FALSE,-0.0937439495930685,0.260273054969363,"TMIN","curr.feb"
"QUPR",-0.0345095586617333,FALSE,-0.23668474196286,0.176624688965647,"TMIN","curr.mar"
"QUPR",-0.00774285556961884,FALSE,-0.189116104463503,0.168531901698754,"TMIN","curr.apr"
"QUPR",-0.148280223236749,FALSE,-0.309465235471166,0.0396309356020243,"TMIN","curr.may"
"QUPR",-0.0857524442832762,FALSE,-0.287503746840145,0.100278234226602,"TMIN","curr.jun"
"QUPR",0.0187911265720776,FALSE,-0.17752097466035,0.197206598331197,"TMIN","curr.jul"
"QUPR",-0.0133846661693659,FALSE,-0.183393203349171,0.179300567999921,"TMIN","curr.aug"
"QUPR",0.0864880486026559,FALSE,-0.0915599741614151,0.262162726904462,"TMAX","prev.apr"
"QUPR",0.254189646163405,TRUE,0.0787715399989717,0.394466110694477,"TMAX","prev.may"
"QUPR",0.170652225877447,TRUE,0.0124468050696254,0.312897300478821,"TMAX","prev.jun"
"QUPR",0.0704329792509809,FALSE,-0.0741735287802045,0.236391900986852,"TMAX","prev.jul"
"QUPR",-0.0193280734608587,FALSE,-0.188029836731095,0.152683682167835,"TMAX","prev.aug"
"QUPR",-0.0384787418351719,FALSE,-0.192019317709058,0.109516622660826,"TMAX","prev.sep"
"QUPR",-0.0450960882139389,FALSE,-0.225512554060916,0.13967402025657,"TMAX","prev.oct"
"QUPR",-0.0616243144134589,FALSE,-0.253612971749825,0.12967992792877,"TMAX","prev.nov"
"QUPR",-0.036180799033252,FALSE,-0.212050360322622,0.137607015548837,"TMAX","prev.dec"
"QUPR",0.0227435994625805,FALSE,-0.154766723991751,0.203592263067146,"TMAX","curr.jan"
"QUPR",0.0680360012783395,FALSE,-0.107784466314608,0.23270116701995,"TMAX","curr.feb"
"QUPR",-0.0688298860439113,FALSE,-0.276827320025295,0.109219275091806,"TMAX","curr.mar"
"QUPR",-0.0390837204339009,FALSE,-0.218273635133134,0.148399775733954,"TMAX","curr.apr"
"QUPR",-0.176962154391564,TRUE,-0.339873228761659,-0.00889219390291321,"TMAX","curr.may"
"QUPR",-0.136512252408786,FALSE,-0.329165609062745,0.0326079406365701,"TMAX","curr.jun"
"QUPR",-0.026193496703607,FALSE,-0.194690306381496,0.153123877502229,"TMAX","curr.jul"
"QUPR",-0.0839821051561139,FALSE,-0.238794321387545,0.07767571889325,"TMAX","curr.aug"
"QUPR",-0.100077519169503,FALSE,-0.281651201696894,0.0863108930723019,"PDSI_prewhiten","prev.apr"
"QUPR",-0.373278310214034,TRUE,-0.542064135728143,-0.194811572112171,"PDSI_prewhiten","prev.may"
"QUPR",-0.126166154668225,FALSE,-0.286319414595225,0.0433711763840382,"PDSI_prewhiten","prev.jun"
"QUPR",0.019736812464468,FALSE,-0.154787959971428,0.203535486519428,"PDSI_prewhiten","prev.jul"
"QUPR",-0.00860229885811173,FALSE,-0.178218406826963,0.148678642812943,"PDSI_prewhiten","prev.aug"
"QUPR",0.0350841718203202,FALSE,-0.112596084910284,0.181837180491136,"PDSI_prewhiten","prev.sep"
"QUPR",-0.0713885964226661,FALSE,-0.251064744893445,0.11265737726279,"PDSI_prewhiten","prev.oct"
"QUPR",0.0197506153565943,FALSE,-0.167375589669033,0.195334755749044,"PDSI_prewhiten","prev.nov"
"QUPR",-0.0321430180421926,FALSE,-0.211698366785249,0.121890015199093,"PDSI_prewhiten","prev.dec"
"QUPR",-0.0109845790480176,FALSE,-0.213983866595355,0.163491396763681,"PDSI_prewhiten","curr.jan"
"QUPR",0.0860715001610087,FALSE,-0.0664816211815338,0.245033835855052,"PDSI_prewhiten","curr.feb"
"QUPR",0.105987283348343,FALSE,-0.0507734877049425,0.269144811599331,"PDSI_prewhiten","curr.mar"
"QUPR",0.0669631518653044,FALSE,-0.104743273654338,0.225666989398075,"PDSI_prewhiten","curr.apr"
"QUPR",0.123633914510515,FALSE,-0.0774435656607403,0.320193504127446,"PDSI_prewhiten","curr.may"
"QUPR",0.106174054092628,FALSE,-0.0587688032554657,0.267829743528739,"PDSI_prewhiten","curr.jun"
"QUPR",0.120423938002237,FALSE,-0.0691598761763614,0.291758434270661,"PDSI_prewhiten","curr.jul"
"QUPR",0.0421498346093855,FALSE,-0.185704900774474,0.225570842134509,"PDSI_prewhiten","curr.aug"
"QUPR",0.0938671011250976,FALSE,-0.123290040913062,0.263152071369286,"PHDI_prewhiten","prev.apr"
"QUPR",-0.288507678109069,TRUE,-0.489151282203576,-0.0940911596950626,"PHDI_prewhiten","prev.may"
"QUPR",-0.168403730226992,TRUE,-0.326165742662209,-0.0233076053047463,"PHDI_prewhiten","prev.jun"
"QUPR",-0.12174618891073,FALSE,-0.289118166474741,0.0567688459291871,"PHDI_prewhiten","prev.jul"
"QUPR",0.0530922797054687,FALSE,-0.155774076696155,0.24440782067453,"PHDI_prewhiten","prev.aug"
"QUPR",0.0517934956874662,FALSE,-0.103589493657645,0.211401224616843,"PHDI_prewhiten","prev.sep"
"QUPR",-0.154892479828156,FALSE,-0.353921732712867,0.0325689567083154,"PHDI_prewhiten","prev.oct"
"QUPR",0.0470091971222917,FALSE,-0.144521016964714,0.255127026944751,"PHDI_prewhiten","prev.nov"
"QUPR",0.0211193975810063,FALSE,-0.128600492694644,0.172199195126545,"PHDI_prewhiten","prev.dec"
"QUPR",0.00366876716481871,FALSE,-0.184319879053292,0.18994524358321,"PHDI_prewhiten","curr.jan"
"QUPR",0.124323239563865,FALSE,-0.0822833861261239,0.281894964601343,"PHDI_prewhiten","curr.feb"
"QUPR",-0.0761323424748123,FALSE,-0.25168315739523,0.0986242860582513,"PHDI_prewhiten","curr.mar"
"QUPR",0.0636296590502874,FALSE,-0.125294555851357,0.238576780916671,"PHDI_prewhiten","curr.apr"
"QUPR",0.144722516159183,FALSE,-0.0531684658295206,0.32399987956345,"PHDI_prewhiten","curr.may"
"QUPR",0.110852649388243,FALSE,-0.0533427472442131,0.251818501885223,"PHDI_prewhiten","curr.jun"
"QUPR",0.129040304415389,FALSE,-0.0492883427836353,0.268054925345069,"PHDI_prewhiten","curr.jul"
"QUPR",0.138843588127009,FALSE,-0.0664748522380372,0.327689233656009,"PHDI_prewhiten","curr.aug"
"QUPR",-0.0625640203439707,FALSE,-0.239916543938995,0.10645389992345,"PMDI_prewhiten","prev.apr"
"QUPR",-0.322516134359003,TRUE,-0.507531538901649,-0.14755710609201,"PMDI_prewhiten","prev.may"
"QUPR",-0.178298045758106,TRUE,-0.332997334490684,-0.0108677379261707,"PMDI_prewhiten","prev.jun"
"QUPR",-0.12628229734251,FALSE,-0.294458308349385,0.0577157906617525,"PMDI_prewhiten","prev.jul"
"QUPR",0.0120827983435787,FALSE,-0.159860050305218,0.168505209366022,"PMDI_prewhiten","prev.aug"
"QUPR",0.00452728523975692,FALSE,-0.138030119545179,0.14772270744222,"PMDI_prewhiten","prev.sep"
"QUPR",-0.112496483532997,FALSE,-0.291305904467136,0.0588729923152461,"PMDI_prewhiten","prev.oct"
"QUPR",0.0403388069289755,FALSE,-0.107985077251066,0.19070937601754,"PMDI_prewhiten","prev.nov"
"QUPR",0.0541991005673537,FALSE,-0.106045860940809,0.203961824130044,"PMDI_prewhiten","prev.dec"
"QUPR",-0.0703577905280529,FALSE,-0.257990041527809,0.0988681678240347,"PMDI_prewhiten","curr.jan"
"QUPR",0.154109481600749,FALSE,-0.0227460152426874,0.305475447727043,"PMDI_prewhiten","curr.feb"
"QUPR",0.0269004207796687,FALSE,-0.11395609876732,0.19500956581493,"PMDI_prewhiten","curr.mar"
"QUPR",-0.000979028237101009,FALSE,-0.197726312720453,0.179714794246321,"PMDI_prewhiten","curr.apr"
"QUPR",0.167779109254962,FALSE,-0.00681417853590979,0.322265528601406,"PMDI_prewhiten","curr.may"
"QUPR",0.0785694588331227,FALSE,-0.060575734053742,0.231487834163838,"PMDI_prewhiten","curr.jun"
"QUPR",0.113527874153632,FALSE,-0.0736667630329624,0.272071464002058,"PMDI_prewhiten","curr.jul"
"QUPR",0.0769350404643388,FALSE,-0.0983950343972824,0.262669467654678,"PMDI_prewhiten","curr.aug"
"QURU",-0.00265408125153758,FALSE,-0.153402721732195,0.166125410945098,"PCP","prev.apr"
"QURU",-0.237209774275906,TRUE,-0.39606170590968,-0.0843605154143583,"PCP","prev.may"
"QURU",-0.113299297143918,FALSE,-0.28236062478954,0.0520031580925242,"PCP","prev.jun"
"QURU",-0.178120745969721,TRUE,-0.346785121752648,-0.000270388066439599,"PCP","prev.jul"
"QURU",0.0921351356777717,FALSE,-0.0897695190302639,0.261005209237342,"PCP","prev.aug"
"QURU",0.0213563985519167,FALSE,-0.175202749210731,0.185586531999027,"PCP","prev.sep"
"QURU",-0.0526789136952945,FALSE,-0.240750901339783,0.139550156740345,"PCP","prev.oct"
"QURU",0.0593945554473811,FALSE,-0.107950643250126,0.244847405633092,"PCP","prev.nov"
"QURU",0.0670712631336733,FALSE,-0.0975163671637337,0.24438274898282,"PCP","prev.dec"
"QURU",-0.0755238435003096,FALSE,-0.256644812988332,0.0995743760952049,"PCP","curr.jan"
"QURU",0.0945244644637648,FALSE,-0.104296472248727,0.251057090946668,"PCP","curr.feb"
"QURU",0.0319842575515944,FALSE,-0.125021500143273,0.171901454985429,"PCP","curr.mar"
"QURU",-0.00251119864799408,FALSE,-0.158662153720454,0.165540579730398,"PCP","curr.apr"
"QURU",0.0882677212670941,FALSE,-0.0914521610060033,0.260445509069932,"PCP","curr.may"
"QURU",0.0734466456904658,FALSE,-0.0677872407110501,0.233126227013553,"PCP","curr.jun"
"QURU",0.237072451771955,TRUE,0.0490614065549622,0.382979645337443,"PCP","curr.jul"
"QURU",0.0767916676828655,FALSE,-0.0841425891168395,0.237799668120371,"PCP","curr.aug"
"QURU",0.0156173155421444,FALSE,-0.144706196340701,0.190215620798744,"TAVG","prev.apr"
"QURU",0.113014238146851,FALSE,-0.0684481555998548,0.265576365084943,"TAVG","prev.may"
"QURU",0.00531704643071511,FALSE,-0.208138837169035,0.200450370830561,"TAVG","prev.jun"
"QURU",0.100541212840911,FALSE,-0.052555468382852,0.274585466040675,"TAVG","prev.jul"
"QURU",0.0858960290470793,FALSE,-0.120576412963783,0.266154851635927,"TAVG","prev.aug"
"QURU",-0.0921794613746943,FALSE,-0.257913307119722,0.0484684598935036,"TAVG","prev.sep"
"QURU",-0.0121380792238543,FALSE,-0.175488210577116,0.154731297168612,"TAVG","prev.oct"
"QURU",-0.00806925981354865,FALSE,-0.200023726877203,0.171541290736374,"TAVG","prev.nov"
"QURU",-0.0869291431524941,FALSE,-0.258099824294784,0.0858385337513889,"TAVG","prev.dec"
"QURU",-0.0553886420514822,FALSE,-0.220171386991314,0.105116149554262,"TAVG","curr.jan"
"QURU",-0.094200510984138,FALSE,-0.265392606460526,0.105724630040277,"TAVG","curr.feb"
"QURU",-0.145006793592571,FALSE,-0.304236836172913,0.00634676555802634,"TAVG","curr.mar"
"QURU",0.135882748493803,FALSE,-0.0472523058581721,0.32114271800192,"TAVG","curr.apr"
"QURU",-0.224965493906143,TRUE,-0.385041922929773,-0.039195352885755,"TAVG","curr.may"
"QURU",-0.127202839008548,FALSE,-0.318161284775583,0.0676189815068823,"TAVG","curr.jun"
"QURU",-0.137990316921312,FALSE,-0.295319210864863,0.022370806187238,"TAVG","curr.jul"
"QURU",0.0676641610871363,FALSE,-0.103246137562748,0.242955037257253,"TAVG","curr.aug"
"QURU",0.134974161300861,FALSE,-0.0447507113858722,0.350422105219542,"PDSI","prev.apr"
"QURU",-0.0487978127140323,FALSE,-0.254036979661827,0.0730750074371027,"PDSI","prev.may"
"QURU",-0.19087138818898,TRUE,-0.38771056220278,-0.0238455797038499,"PDSI","prev.jun"
"QURU",-0.132838190812519,TRUE,-0.268709529295275,-0.0183309779149585,"PDSI","prev.jul"
"QURU",-0.0200872966576191,FALSE,-0.183269821243698,0.189497270958574,"PDSI","prev.aug"
"QURU",0.0649520792027603,FALSE,-0.142988681962823,0.312721280808803,"PDSI","prev.sep"
"QURU",-0.0520553309932011,FALSE,-0.219465719993102,0.115080179692379,"PDSI","prev.oct"
"QURU",-0.0412007332500845,FALSE,-0.193772794864297,0.123775070206327,"PDSI","prev.nov"
"QURU",0.0378238548103831,FALSE,-0.0988755597559261,0.159901775309604,"PDSI","prev.dec"
"QURU",0.0604093428249831,FALSE,-0.114382547840892,0.199985495246149,"PDSI","curr.jan"
"QURU",0.00555589919226892,FALSE,-0.118468545090584,0.111876642004052,"PDSI","curr.feb"
"QURU",-0.0235289714433738,FALSE,-0.148288366062515,0.153172593018479,"PDSI","curr.mar"
"QURU",-0.0832069304416331,FALSE,-0.243038465797571,0.100753152504039,"PDSI","curr.apr"
"QURU",0.0280306118017652,FALSE,-0.188624927142663,0.186851890575193,"PDSI","curr.may"
"QURU",0.0822975256868329,FALSE,-0.169703751250747,0.225128593002907,"PDSI","curr.jun"
"QURU",0.139838341823282,TRUE,0.0365739197849739,0.249954922733193,"PDSI","curr.jul"
"QURU",0.118596131022703,FALSE,-0.0593403150764412,0.313096192158517,"PDSI","curr.aug"
"QURU",0.214370891610968,FALSE,-0.0267778389268869,0.469129128516851,"PHDI","prev.apr"
"QURU",-0.0216893803650048,FALSE,-0.215586875099375,0.109068796098793,"PHDI","prev.may"
"QURU",-0.196621460708674,TRUE,-0.38860305526735,-0.00666596669137167,"PHDI","prev.jun"
"QURU",-0.22474739082687,TRUE,-0.462975113347866,-0.0413878387347471,"PHDI","prev.jul"
"QURU",-0.0535155736982915,FALSE,-0.236095393816801,0.160160210884873,"PHDI","prev.aug"
"QURU",0.0303564983430162,FALSE,-0.181703969976535,0.309223631324775,"PHDI","prev.sep"
"QURU",0.00193880943632369,FALSE,-0.146997617242839,0.144764589602445,"PHDI","prev.oct"
"QURU",-0.0200300645116321,FALSE,-0.22273614698283,0.13288193518867,"PHDI","prev.nov"
"QURU",-0.00521209937314742,FALSE,-0.170723212498948,0.140271235143122,"PHDI","prev.dec"
"QURU",0.0325797114761642,FALSE,-0.13253599365096,0.199767053189944,"PHDI","curr.jan"
"QURU",0.0515206930167949,FALSE,-0.0904699750124526,0.221661791248772,"PHDI","curr.feb"
"QURU",0.0219882434788411,FALSE,-0.146140319742329,0.235218518667294,"PHDI","curr.mar"
"QURU",-0.12778648355141,FALSE,-0.278592339319001,0.0819294246900263,"PHDI","curr.apr"
"QURU",-0.074735201346974,FALSE,-0.271745605657531,0.0956606444549795,"PHDI","curr.may"
"QURU",0.00955434197067354,FALSE,-0.237203194122905,0.167596673514445,"PHDI","curr.jun"
"QURU",0.152137876258913,TRUE,0.0254695420932491,0.278457688981374,"PHDI","curr.jul"
"QURU",0.271874844966977,TRUE,0.0807825078686715,0.471152256741195,"PHDI","curr.aug"
"QURU",0.0138171078228354,FALSE,-0.162758273862018,0.175107032828727,"ZNDX","prev.apr"
"QURU",-0.233907712055248,TRUE,-0.378266329346038,-0.0806154427601192,"ZNDX","prev.may"
"QURU",-0.11182782721871,FALSE,-0.28318487161209,0.0523973168477109,"ZNDX","prev.jun"
"QURU",-0.194837069119255,TRUE,-0.35356147577948,-0.0175199972184891,"ZNDX","prev.jul"
"QURU",0.0615669007810852,FALSE,-0.13012050641219,0.236729839381191,"ZNDX","prev.aug"
"QURU",0.0380569799444264,FALSE,-0.120584237614996,0.184509870316944,"ZNDX","prev.sep"
"QURU",-0.0434221577436294,FALSE,-0.21893244031968,0.134014641950165,"ZNDX","prev.oct"
"QURU",0.0663794850825649,FALSE,-0.0768338829600275,0.222931485121448,"ZNDX","prev.nov"
"QURU",0.081094571642417,FALSE,-0.0709023125453731,0.244931117341707,"ZNDX","prev.dec"
"QURU",-0.0476166864002206,FALSE,-0.224068576032146,0.107466891658417,"ZNDX","curr.jan"
"QURU",0.0890489407366141,FALSE,-0.0864814468632041,0.245573937962732,"ZNDX","curr.feb"
"QURU",0.05023005394068,FALSE,-0.0986084164992398,0.202222442293071,"ZNDX","curr.mar"
"QURU",-0.0280081769493938,FALSE,-0.175156702133071,0.128599133305888,"ZNDX","curr.apr"
"QURU",0.0871051054213268,FALSE,-0.0791923109119398,0.256271390121458,"ZNDX","curr.may"
"QURU",0.0511258205476722,FALSE,-0.094196101068985,0.208843333586961,"ZNDX","curr.jun"
"QURU",0.247637097472856,TRUE,0.0631329431683309,0.396099197036848,"ZNDX","curr.jul"
"QURU",0.0848065759988703,FALSE,-0.0729305149773103,0.226475199067751,"ZNDX","curr.aug"
"QURU",0.177601237950832,FALSE,-0.00942105752337182,0.385579086168264,"PMDI","prev.apr"
"QURU",-0.0317881124501921,FALSE,-0.230293666917705,0.128676077862754,"PMDI","prev.may"
"QURU",-0.190197024076864,TRUE,-0.35161300204987,-0.0378930685921427,"PMDI","prev.jun"
"QURU",-0.223781566539189,TRUE,-0.402374918649534,-0.0573207592666037,"PMDI","prev.jul"
"QURU",-0.0253129881608273,FALSE,-0.185814765908975,0.15819164006099,"PMDI","prev.aug"
"QURU",0.0508740958265193,FALSE,-0.113195026769405,0.246751966579591,"PMDI","prev.sep"
"QURU",0.0103230583137631,FALSE,-0.129068086269025,0.164938480808674,"PMDI","prev.oct"
"QURU",-0.0436721223012245,FALSE,-0.173981418217202,0.097769661703458,"PMDI","prev.nov"
"QURU",-0.0114448122120808,FALSE,-0.146159899552931,0.104968470570163,"PMDI","prev.dec"
"QURU",0.00862257679337281,FALSE,-0.207676274740086,0.179572486595098,"PMDI","curr.jan"
"QURU",0.0641027159542416,FALSE,-0.103089666325634,0.209928923419604,"PMDI","curr.feb"
"QURU",0.0405098890631599,FALSE,-0.137869074331007,0.24795023209577,"PMDI","curr.mar"
"QURU",-0.0456025420880147,FALSE,-0.188548091079611,0.139175491060027,"PMDI","curr.apr"
"QURU",-0.0751834552790597,FALSE,-0.25977008855123,0.12622875050054,"PMDI","curr.may"
"QURU",0.0175648705718143,FALSE,-0.227454643533471,0.161512907949076,"PMDI","curr.jun"
"QURU",0.169538615355228,TRUE,0.056222008820361,0.28673212061157,"PMDI","curr.jul"
"QURU",0.20721707479725,TRUE,0.0373200439486438,0.394448698622584,"PMDI","curr.aug"
"QURU",-0.0182695491706475,FALSE,-0.203296659628577,0.155128910809949,"SP01","prev.apr"
"QURU",-0.248486525005644,TRUE,-0.413728662153698,-0.0912888416160535,"SP01","prev.may"
"QURU",-0.111128479733815,FALSE,-0.277946221666199,0.0726528483182721,"SP01","prev.jun"
"QURU",-0.184873138314648,TRUE,-0.35069556696588,-0.000982171008368678,"SP01","prev.jul"
"QURU",0.0803806510318363,FALSE,-0.0999870853874628,0.249996641505799,"SP01","prev.aug"
"QURU",0.0454969174399167,FALSE,-0.130891870008284,0.223629125899103,"SP01","prev.sep"
"QURU",-0.0223174762265131,FALSE,-0.198228881357024,0.178793697895453,"SP01","prev.oct"
"QURU",0.0804650824765095,FALSE,-0.0971402188589915,0.233059104706999,"SP01","prev.nov"
"QURU",0.052464675024355,FALSE,-0.11108440286113,0.229393117007071,"SP01","prev.dec"
"QURU",-0.108416162199119,FALSE,-0.276191155129011,0.0542179411164318,"SP01","curr.jan"
"QURU",0.0781948599547058,FALSE,-0.117671241593867,0.263634657372078,"SP01","curr.feb"
"QURU",0.0263341797952192,FALSE,-0.123207703049308,0.178120980354206,"SP01","curr.mar"
"QURU",-0.0176984039430183,FALSE,-0.179978094989444,0.140945852129615,"SP01","curr.apr"
"QURU",0.0914729647159783,FALSE,-0.0985008237813928,0.262236366645067,"SP01","curr.may"
"QURU",0.0956703773849258,FALSE,-0.0482753453383625,0.254793269759797,"SP01","curr.jun"
"QURU",0.217027770299486,TRUE,0.0436144041451077,0.378004867593211,"SP01","curr.jul"
"QURU",0.0834755323646771,FALSE,-0.0747637056587305,0.238907608384039,"SP01","curr.aug"
"QURU",0.0911473898458262,FALSE,-0.0735596643208657,0.295154620368576,"SP02","prev.apr"
"QURU",-0.107865683560224,FALSE,-0.29051431963982,0.0568535486357529,"SP02","prev.may"
"QURU",-0.191946512775253,TRUE,-0.310727135622167,-0.0590697862532692,"SP02","prev.jun"
"QURU",-0.13857163217475,FALSE,-0.314128274127878,0.0480822644458995,"SP02","prev.jul"
"QURU",-0.0167970118645258,FALSE,-0.270596580258251,0.159053916918807,"SP02","prev.aug"
"QURU",0.0953534989064205,FALSE,-0.0502808051009047,0.288081752352087,"SP02","prev.sep"
"QURU",0.000251943457571874,FALSE,-0.159951739457149,0.156839797217747,"SP02","prev.oct"
"QURU",-0.015148737378917,FALSE,-0.178776941034289,0.143734718916899,"SP02","prev.nov"
"QURU",0.0986946906405034,FALSE,-0.105466754323391,0.291735008631378,"SP02","prev.dec"
"QURU",-0.0664584857263486,FALSE,-0.267857581587734,0.0877386119260902,"SP02","curr.jan"
"QURU",-0.0464111604871947,FALSE,-0.219091222547601,0.143432714899414,"SP02","curr.feb"
"QURU",0.103615414030049,FALSE,-0.0493623058368497,0.25977154932644,"SP02","curr.mar"
"QURU",-0.00198489009581842,FALSE,-0.195904293945582,0.180960185124897,"SP02","curr.apr"
"QURU",0.0310241198747004,FALSE,-0.136267954308843,0.208651673539662,"SP02","curr.may"
"QURU",0.0868943585223026,FALSE,-0.075656322187768,0.223071718879075,"SP02","curr.jun"
"QURU",0.154348889062764,FALSE,-0.02241533200863,0.325389810437192,"SP02","curr.jul"
"QURU",0.196774431054173,TRUE,0.0325898354975214,0.358127153554942,"SP02","curr.aug"
"QURU",0.14197745320452,FALSE,-0.026426154785764,0.335471752710304,"SP03","prev.apr"
"QURU",-0.0781360294155545,FALSE,-0.272107682244105,0.0958412532084224,"SP03","prev.may"
"QURU",-0.110010116100811,FALSE,-0.271612790265126,0.115746225461387,"SP03","prev.jun"
"QURU",-0.261024126945621,TRUE,-0.4396704503765,-0.101467860143409,"SP03","prev.jul"
"QURU",0.0314133999908475,FALSE,-0.154706109931389,0.204286467758437,"SP03","prev.aug"
"QURU",0.0272453000604435,FALSE,-0.134433271276859,0.196808931884874,"SP03","prev.sep"
"QURU",0.0497635773040362,FALSE,-0.131940503155484,0.212301584408649,"SP03","prev.oct"
"QURU",-0.0118711007576151,FALSE,-0.170132027066446,0.149667568661162,"SP03","prev.nov"
"QURU",0.0343248974442448,FALSE,-0.14116109276888,0.191136902513977,"SP03","prev.dec"
"QURU",0.0290002760192405,FALSE,-0.138645015692567,0.213192902722127,"SP03","curr.jan"
"QURU",-0.0523814495957634,FALSE,-0.213248419892628,0.10290529053923,"SP03","curr.feb"
"QURU",0.0569680520682715,FALSE,-0.118319879231967,0.21211690452624,"SP03","curr.mar"
"QURU",-0.0180950843550013,FALSE,-0.19656136889172,0.165147944061559,"SP03","curr.apr"
"QURU",0.100558999023637,FALSE,-0.0834670815006388,0.295965193634475,"SP03","curr.may"
"QURU",-0.0957915762022089,FALSE,-0.287079905875516,0.110203085656247,"SP03","curr.jun"
"QURU",0.135275460813648,FALSE,-0.00276567492104779,0.295539791340972,"SP03","curr.jul"
"QURU",0.257534912821,TRUE,0.0604020000101113,0.440652290732842,"SP03","curr.aug"
"QURU",0.084387318124502,FALSE,-0.122700412209379,0.278005219631557,"SP06","prev.apr"
"QURU",-0.0399661270886393,FALSE,-0.175193448247217,0.0906432819366837,"SP06","prev.may"
"QURU",-0.139799835346021,FALSE,-0.29862011310342,0.0144982156902282,"SP06","prev.jun"
"QURU",-0.12479356930519,FALSE,-0.269375451204924,0.017383823407351,"SP06","prev.jul"
"QURU",-0.00268980867068428,FALSE,-0.242130718686931,0.238657783784986,"SP06","prev.aug"
"QURU",-0.0424114483233017,FALSE,-0.231158781395784,0.143456971176466,"SP06","prev.sep"
"QURU",-0.0823003671506499,FALSE,-0.250072221556631,0.0222005135546247,"SP06","prev.oct"
"QURU",0.0202946464354172,FALSE,-0.152728037289503,0.152288730201324,"SP06","prev.nov"
"QURU",0.109140413242349,FALSE,-0.00213267809162563,0.22530607919267,"SP06","prev.dec"
"QURU",0.0577626333435569,FALSE,-0.0532185074741563,0.228216222332995,"SP06","curr.jan"
"QURU",-0.0567449399544455,FALSE,-0.233043402654202,0.120841266557568,"SP06","curr.feb"
"QURU",-0.0162636254323206,FALSE,-0.242575970241379,0.160826525397153,"SP06","curr.mar"
"QURU",-0.0054694003496112,FALSE,-0.224980758518898,0.221457781829309,"SP06","curr.apr"
"QURU",-0.0070243926398105,FALSE,-0.169512853967653,0.158502522791361,"SP06","curr.may"
"QURU",-0.0842676219117865,FALSE,-0.272431320891308,0.108429636220099,"SP06","curr.jun"
"QURU",0.0826068513544896,FALSE,-0.0683590115927927,0.220200674123197,"SP06","curr.jul"
"QURU",0.263672782963209,TRUE,0.0566293491301771,0.46678072622998,"SP06","curr.aug"
"QURU",0.117648119172649,FALSE,-0.0872331358237495,0.339305177360652,"SP09","prev.apr"
"QURU",0.0637248552120272,FALSE,-0.0747473423526563,0.244997669897333,"SP09","prev.may"
"QURU",-0.075651719515848,FALSE,-0.342362788449405,0.148132635743408,"SP09","prev.jun"
"QURU",-0.233049665609604,FALSE,-0.60626981474312,-0.0154278095818031,"SP09","prev.jul"
"QURU",-0.115330066157051,FALSE,-0.306295119759475,0.0718394520690555,"SP09","prev.aug"
"QURU",0.0221961479763132,FALSE,-0.203720781038934,0.263115959190161,"SP09","prev.sep"
"QURU",-0.027118451667764,FALSE,-0.187719736026143,0.177173540778951,"SP09","prev.oct"
"QURU",0.00898095836887309,FALSE,-0.143722553768948,0.20554027631435,"SP09","prev.nov"
"QURU",0.0386559925637355,FALSE,-0.164327794309234,0.239385166614569,"SP09","prev.dec"
"QURU",-0.00804336382856113,FALSE,-0.217163127139834,0.16807102968209,"SP09","curr.jan"
"QURU",-0.00376314701137003,FALSE,-0.188892270663253,0.20069646314938,"SP09","curr.feb"
"QURU",0.0654533156563206,FALSE,-0.133068064673017,0.278190761835786,"SP09","curr.mar"
"QURU",-0.0043562717098378,FALSE,-0.184248886804298,0.274904615473344,"SP09","curr.apr"
"QURU",-0.0328924329883251,FALSE,-0.314413482713841,0.190447292234713,"SP09","curr.may"
"QURU",-0.162203443211551,FALSE,-0.468405990936212,0.129395223318071,"SP09","curr.jun"
"QURU",0.132343683651976,FALSE,-0.0392072001184573,0.317639469043429,"SP09","curr.jul"
"QURU",0.22543499613879,FALSE,-0.0164793092154419,0.457658105193754,"SP09","curr.aug"
"QURU",-0.091898469614131,FALSE,-0.357533645700472,0.137775221840099,"SP12","prev.apr"
"QURU",-0.0561198886318488,FALSE,-0.192394677932232,0.0543113236921991,"SP12","prev.may"
"QURU",0.0143911482675703,FALSE,-0.151460707283324,0.208866463279276,"SP12","prev.jun"
"QURU",0.00234994838668971,FALSE,-0.17181596189442,0.216864181452258,"SP12","prev.jul"
"QURU",0.0211143287044844,FALSE,-0.142062127034752,0.22595485024733,"SP12","prev.aug"
"QURU",0.0623373478844688,FALSE,-0.129134760685066,0.278946264811396,"SP12","prev.sep"
"QURU",-0.0242389913072943,FALSE,-0.249568943053333,0.126641273873034,"SP12","prev.oct"
"QURU",-0.0503253325491513,FALSE,-0.212725718887618,0.0967929343513635,"SP12","prev.nov"
"QURU",-0.0619058268006976,FALSE,-0.175404598558315,0.0559444602632496,"SP12","prev.dec"
"QURU",-0.0823975373467968,FALSE,-0.162112969747577,0.0457221232146119,"SP12","curr.jan"
"QURU",-0.0825409897508505,FALSE,-0.182862812110096,0.0831973383398115,"SP12","curr.feb"
"QURU",-0.0606300767384846,FALSE,-0.221078293242986,0.0945375525379669,"SP12","curr.mar"
"QURU",-0.0560083240626774,FALSE,-0.255949407558338,0.0901381250260497,"SP12","curr.apr"
"QURU",0.00114215825223656,FALSE,-0.168562116417313,0.131187482400856,"SP12","curr.may"
"QURU",0.0427470489212557,FALSE,-0.161397588878465,0.18561767375919,"SP12","curr.jun"
"QURU",0.141541477877673,TRUE,0.0270104981047528,0.286333350444057,"SP12","curr.jul"
"QURU",0.243002454195021,FALSE,-0.0430274219629144,0.537470736386561,"SP12","curr.aug"
"QURU",-0.00213446189262712,FALSE,-0.188714036099901,0.29802220433864,"SP24","prev.apr"
"QURU",0.00213317426668012,FALSE,-0.14350105644081,0.147323746514126,"SP24","prev.may"
"QURU",-0.0196276800402483,FALSE,-0.175691458553042,0.0638648771659289,"SP24","prev.jun"
"QURU",-0.0245310044092319,FALSE,-0.236900560473497,0.0486825346228284,"SP24","prev.jul"
"QURU",-0.000368838750089806,FALSE,-0.270005899506883,0.176239033645586,"SP24","prev.aug"
"QURU",-0.0184190606913174,FALSE,-0.355885196243331,0.204386739279589,"SP24","prev.sep"
"QURU",-0.0112886602799851,FALSE,-0.170181744935373,0.178902515633918,"SP24","prev.oct"
"QURU",-0.0267722643839626,FALSE,-0.13801337538714,0.192060665647983,"SP24","prev.nov"
"QURU",-0.0318677974759782,FALSE,-0.133401839977205,0.196477444108715,"SP24","prev.dec"
"QURU",-0.0566447237845578,FALSE,-0.151491239413114,0.135248720246859,"SP24","curr.jan"
"QURU",-0.0628994321131702,FALSE,-0.167527615147238,0.132834869256442,"SP24","curr.feb"
"QURU",-0.0895269107762059,FALSE,-0.227877891159388,0.0591915866398256,"SP24","curr.mar"
"QURU",-0.105587706529738,FALSE,-0.346123089727082,0.0689125919155392,"SP24","curr.apr"
"QURU",-0.0347982253225861,FALSE,-0.367015627541594,0.0616847635246346,"SP24","curr.may"
"QURU",0.0295231711388746,FALSE,-0.189360776637282,0.122549865518104,"SP24","curr.jun"
"QURU",0.104473150402528,FALSE,-0.0596197632559706,0.242058631796261,"SP24","curr.jul"
"QURU",0.209820114747305,FALSE,-0.0331666696496929,0.650417744345753,"SP24","curr.aug"
"QURU",0.0244855503352544,FALSE,-0.164352707708364,0.195556493256478,"TMIN","prev.apr"
"QURU",0.0503824738551046,FALSE,-0.119168420693978,0.208408340168977,"TMIN","prev.may"
"QURU",-0.0334093472214939,FALSE,-0.22982067107461,0.162946486814343,"TMIN","prev.jun"
"QURU",0.0390857877063097,FALSE,-0.126937713354942,0.214779974675723,"TMIN","prev.jul"
"QURU",0.116359243571854,FALSE,-0.0852299516336812,0.303328457712216,"TMIN","prev.aug"
"QURU",-0.068055830095874,FALSE,-0.229219093610965,0.104439792732133,"TMIN","prev.sep"
"QURU",0.0615550859170144,FALSE,-0.0860375954497899,0.210497167039435,"TMIN","prev.oct"
"QURU",0.013834353388939,FALSE,-0.17103662963808,0.195236684737518,"TMIN","prev.nov"
"QURU",-0.0283376668521516,FALSE,-0.205524158670143,0.155339432008944,"TMIN","prev.dec"
"QURU",-0.0927507744506654,FALSE,-0.278612923632755,0.073159924594061,"TMIN","curr.jan"
"QURU",-0.053010953347161,FALSE,-0.221124241132173,0.136432465105237,"TMIN","curr.feb"
"QURU",-0.0821309508985289,FALSE,-0.234170659337989,0.0719769252311223,"TMIN","curr.mar"
"QURU",0.121795169137037,FALSE,-0.0518708424384719,0.293595302770894,"TMIN","curr.apr"
"QURU",-0.165534246204659,FALSE,-0.37222190871429,0.0217269795225139,"TMIN","curr.may"
"QURU",-0.100753252381485,FALSE,-0.261102380822134,0.0797033479643106,"TMIN","curr.jun"
"QURU",-0.0397154061198889,FALSE,-0.21083205775078,0.126638765740898,"TMIN","curr.jul"
"QURU",0.0889306586613583,FALSE,-0.0680414709811667,0.264457012408222,"TMIN","curr.aug"
"QURU",0.0160997824885501,FALSE,-0.161604816343639,0.189019658253432,"TMAX","prev.apr"
"QURU",0.146698826086615,FALSE,-0.0228989748178212,0.300832639641839,"TMAX","prev.may"
"QURU",0.0397953265306389,FALSE,-0.176429323796974,0.23881297464926,"TMAX","prev.jun"
"QURU",0.0935627095852739,FALSE,-0.0739377007038345,0.30770879853169,"TMAX","prev.jul"
"QURU",0.0192964320023855,FALSE,-0.154105830252269,0.191759814165619,"TMAX","prev.aug"
"QURU",-0.125578239477315,FALSE,-0.299321746020662,0.0230317664384236,"TMAX","prev.sep"
"QURU",-0.0449687857630979,FALSE,-0.204462964794068,0.134723953587145,"TMAX","prev.oct"
"QURU",-0.0533572314993393,FALSE,-0.234671694990004,0.129009647865095,"TMAX","prev.nov"
"QURU",-0.0913977503146534,FALSE,-0.282336587267629,0.075918623877366,"TMAX","prev.dec"
"QURU",-0.0267189552662097,FALSE,-0.224683939207167,0.134510133877069,"TMAX","curr.jan"
"QURU",-0.0853068387489202,FALSE,-0.277826409025293,0.106730874898864,"TMAX","curr.feb"
"QURU",-0.154591099612325,FALSE,-0.333729235516077,5.72048036708751e-05,"TMAX","curr.mar"
"QURU",0.0867443312660153,FALSE,-0.0861051087657977,0.268612897968544,"TMAX","curr.apr"
"QURU",-0.209703769386459,TRUE,-0.369434189091029,-0.0517592733096089,"TMAX","curr.may"
"QURU",-0.0569282595979813,FALSE,-0.249396135517464,0.124413464305759,"TMAX","curr.jun"
"QURU",-0.206819057197662,TRUE,-0.353652560043633,-0.0399284678764261,"TMAX","curr.jul"
"QURU",0.0289845568394787,FALSE,-0.140222718523734,0.210272403246546,"TMAX","curr.aug"
"QURU",0.0334149063416069,FALSE,-0.146092011586104,0.207071320214472,"PDSI_prewhiten","prev.apr"
"QURU",-0.266202288999366,TRUE,-0.416400422688766,-0.118806400597011,"PDSI_prewhiten","prev.may"
"QURU",-0.105384546831817,FALSE,-0.274409858618884,0.0496719957976609,"PDSI_prewhiten","prev.jun"
"QURU",-0.0604129946194821,FALSE,-0.236700215348536,0.119788794695671,"PDSI_prewhiten","prev.jul"
"QURU",0.0873171126565031,FALSE,-0.105898344070392,0.263865914084911,"PDSI_prewhiten","prev.aug"
"QURU",0.0455003197901329,FALSE,-0.131393562921015,0.227098496525887,"PDSI_prewhiten","prev.sep"
"QURU",0.0225529556548944,FALSE,-0.149646188520385,0.20437704871189,"PDSI_prewhiten","prev.oct"
"QURU",0.0251851483531668,FALSE,-0.159229586182101,0.189024346466224,"PDSI_prewhiten","prev.nov"
"QURU",0.0488516319925903,FALSE,-0.137472906037247,0.221033312167973,"PDSI_prewhiten","prev.dec"
"QURU",0.0136404709331575,FALSE,-0.154303802807352,0.177738878474035,"PDSI_prewhiten","curr.jan"
"QURU",0.0689625630772731,FALSE,-0.111429359200539,0.25170909113693,"PDSI_prewhiten","curr.feb"
"QURU",0.0938793406969376,FALSE,-0.0541972478717305,0.258635839852815,"PDSI_prewhiten","curr.mar"
"QURU",-0.00364254894439514,FALSE,-0.162230267042586,0.156543228661277,"PDSI_prewhiten","curr.apr"
"QURU",0.082715408296743,FALSE,-0.0967920354529807,0.268190110987151,"PDSI_prewhiten","curr.may"
"QURU",0.131096751896246,FALSE,-0.0230524874417314,0.294556427376873,"PDSI_prewhiten","curr.jun"
"QURU",0.196364447477719,FALSE,-0.00629632768978657,0.36938621278096,"PDSI_prewhiten","curr.jul"
"QURU",0.0450291252466383,FALSE,-0.164544132677056,0.223918056551523,"PDSI_prewhiten","curr.aug"
"QURU",0.0642722441230816,FALSE,-0.124368444675875,0.229492539606038,"PHDI_prewhiten","prev.apr"
"QURU",-0.209869395085608,TRUE,-0.364580696970408,-0.0393248270733961,"PHDI_prewhiten","prev.may"
"QURU",-0.147909815310981,FALSE,-0.307356005032937,0.0184471472944862,"PHDI_prewhiten","prev.jun"
"QURU",-0.175949380249373,FALSE,-0.351002308471495,0.00395169319730185,"PHDI_prewhiten","prev.jul"
"QURU",0.127837450589204,FALSE,-0.0756748148753022,0.338839524161071,"PHDI_prewhiten","prev.aug"
"QURU",0.0714693091158867,FALSE,-0.126376742949776,0.265244591147392,"PHDI_prewhiten","prev.sep"
"QURU",-0.114330475693139,FALSE,-0.278690165179169,0.0549651798669651,"PHDI_prewhiten","prev.oct"
"QURU",0.0833003521885177,FALSE,-0.0905827856155785,0.261112472293392,"PHDI_prewhiten","prev.nov"
"QURU",0.0910818104905013,FALSE,-0.087642469635981,0.239978745179373,"PHDI_prewhiten","prev.dec"
"QURU",-0.00223347584643706,FALSE,-0.207782844147093,0.207272884413375,"PHDI_prewhiten","curr.jan"
"QURU",0.114614897139002,FALSE,-0.0703958844370084,0.302778104488141,"PHDI_prewhiten","curr.feb"
"QURU",-0.00710656225331554,FALSE,-0.172129976819505,0.160437773401462,"PHDI_prewhiten","curr.mar"
"QURU",0.00951349691356584,FALSE,-0.158828197734295,0.157113429824944,"PHDI_prewhiten","curr.apr"
"QURU",0.0791340714766366,FALSE,-0.120394214734685,0.246356092994169,"PHDI_prewhiten","curr.may"
"QURU",0.107167436022066,FALSE,-0.0355820030930009,0.271434421212007,"PHDI_prewhiten","curr.jun"
"QURU",0.204388614089163,TRUE,0.0260959635423983,0.363186763200675,"PHDI_prewhiten","curr.jul"
"QURU",0.138092634659066,FALSE,-0.0210713696887816,0.295693916724112,"PHDI_prewhiten","curr.aug"
"QURU",0.0165766310162486,FALSE,-0.165371668043689,0.199626305694331,"PMDI_prewhiten","prev.apr"
"QURU",-0.223396812965186,TRUE,-0.398317923473364,-0.0534226996505803,"PMDI_prewhiten","prev.may"
"QURU",-0.134314922469169,FALSE,-0.295370063380525,0.049422530476111,"PMDI_prewhiten","prev.jun"
"QURU",-0.187560818294624,TRUE,-0.355200421567451,-0.0166954069719253,"PMDI_prewhiten","prev.jul"
"QURU",0.0921021425204159,FALSE,-0.0995980293734621,0.253285853251177,"PMDI_prewhiten","prev.aug"
"QURU",0.0171212796334954,FALSE,-0.142265193733808,0.186996555132163,"PMDI_prewhiten","prev.sep"
"QURU",-0.0401686041141215,FALSE,-0.205329081340269,0.127344486883073,"PMDI_prewhiten","prev.oct"
"QURU",0.0603354536819972,FALSE,-0.0988094996490684,0.213453500789928,"PMDI_prewhiten","prev.nov"
"QURU",0.0989088127635613,FALSE,-0.0451293996524373,0.25134074430244,"PMDI_prewhiten","prev.dec"
"QURU",-0.0247950320241531,FALSE,-0.195938701087552,0.109206377536784,"PMDI_prewhiten","curr.jan"
"QURU",0.139601908749619,FALSE,-0.0307669328591597,0.293351268928086,"PMDI_prewhiten","curr.feb"
"QURU",0.0347480838951677,FALSE,-0.112602296095139,0.201196227874405,"PMDI_prewhiten","curr.mar"
"QURU",-0.0509766642646902,FALSE,-0.20564150122236,0.11142780647327,"PMDI_prewhiten","curr.apr"
"QURU",0.0986187002528263,FALSE,-0.0610026090268467,0.253484797645811,"PMDI_prewhiten","curr.may"
"QURU",0.0948400672021421,FALSE,-0.0307473162933681,0.243802533504621,"PMDI_prewhiten","curr.jun"
"QURU",0.238306424517422,TRUE,0.0714834679002619,0.383586176994659,"PMDI_prewhiten","curr.jul"
"QURU",0.0591736376458297,FALSE,-0.0786268120529519,0.212248777783443,"PMDI_prewhiten","curr.aug"
"QUVE",-0.102500140099485,FALSE,-0.287710901619315,0.0840078954956874,"PCP","prev.apr"
"QUVE",-0.203066373324632,TRUE,-0.369075246501022,-0.0206435782650739,"PCP","prev.may"
"QUVE",-0.13695984161451,FALSE,-0.287955825578683,0.0235646752007352,"PCP","prev.jun"
"QUVE",-0.024169566405369,FALSE,-0.189659094173736,0.134759645105896,"PCP","prev.jul"
"QUVE",0.0905851331920613,FALSE,-0.0676621671054114,0.246286853227517,"PCP","prev.aug"
"QUVE",0.0165394584254542,FALSE,-0.149059508105888,0.184163137742592,"PCP","prev.sep"
"QUVE",-0.121883269760968,FALSE,-0.302802642672057,0.065589721603428,"PCP","prev.oct"
"QUVE",0.118893236417096,FALSE,-0.0477870405109211,0.289267733150189,"PCP","prev.nov"
"QUVE",0.105750861496298,FALSE,-0.0735984067814658,0.290454749919405,"PCP","prev.dec"
"QUVE",0.0190799065982548,FALSE,-0.148569574479137,0.175575678738255,"PCP","curr.jan"
"QUVE",0.100682979530517,FALSE,-0.072213734997966,0.259015548531561,"PCP","curr.feb"
"QUVE",-0.0305503833540464,FALSE,-0.196156271909864,0.126968302089276,"PCP","curr.mar"
"QUVE",-0.0266011733641607,FALSE,-0.181489762704577,0.135480413880268,"PCP","curr.apr"
"QUVE",0.106023458007925,FALSE,-0.0858450881132108,0.274236537433456,"PCP","curr.may"
"QUVE",0.17122232329431,TRUE,0.0183713549000742,0.357795974481198,"PCP","curr.jun"
"QUVE",0.253300541489873,TRUE,0.0939331001189378,0.38824547869948,"PCP","curr.jul"
"QUVE",0.0288152378239967,FALSE,-0.131038236221301,0.181724837632558,"PCP","curr.aug"
"QUVE",0.0912565157997707,FALSE,-0.0650348946664602,0.242838256003065,"TAVG","prev.apr"
"QUVE",0.103354750356169,FALSE,-0.0714619902968592,0.283992865348997,"TAVG","prev.may"
"QUVE",0.0722854583696008,FALSE,-0.110398924972712,0.231366945016116,"TAVG","prev.jun"
"QUVE",-0.0390685796675941,FALSE,-0.216437363680795,0.146283791194511,"TAVG","prev.jul"
"QUVE",-0.014825839037882,FALSE,-0.166256889528042,0.133199220544927,"TAVG","prev.aug"
"QUVE",-0.138127650991012,FALSE,-0.30799866854582,0.01534232447067,"TAVG","prev.sep"
"QUVE",-0.0114895577507213,FALSE,-0.190571174423279,0.138833807948879,"TAVG","prev.oct"
"QUVE",0.0675847548269267,FALSE,-0.122108517908101,0.262839022696989,"TAVG","prev.nov"
"QUVE",-0.100784820877447,FALSE,-0.314161747384233,0.0783616596204223,"TAVG","prev.dec"
"QUVE",-0.00817760182256915,FALSE,-0.176877046265432,0.164626615176812,"TAVG","curr.jan"
"QUVE",-0.0105159907630247,FALSE,-0.193671765687488,0.181091410797021,"TAVG","curr.feb"
"QUVE",-0.0628948211941235,FALSE,-0.220198307510158,0.0887894206679956,"TAVG","curr.mar"
"QUVE",0.11388237588037,FALSE,-0.0678318180699211,0.280342400339944,"TAVG","curr.apr"
"QUVE",-0.106036157676669,FALSE,-0.275461369588261,0.0799837629154772,"TAVG","curr.may"
"QUVE",-0.109583756136607,FALSE,-0.307425629014974,0.0698670601662472,"TAVG","curr.jun"
"QUVE",-0.140422908969117,FALSE,-0.286089923126082,0.0183312296046904,"TAVG","curr.jul"
"QUVE",-0.0283337219290738,FALSE,-0.2116242812865,0.140088235052577,"TAVG","curr.aug"
"QUVE",0.0638070823998748,FALSE,-0.111405635963583,0.278302173040126,"PDSI","prev.apr"
"QUVE",-0.0716544170562277,FALSE,-0.247088314642473,0.0601479315538023,"PDSI","prev.may"
"QUVE",-0.204329542023021,TRUE,-0.385894208559153,-0.0307834260967948,"PDSI","prev.jun"
"QUVE",-0.0435279670015503,FALSE,-0.186261590935954,0.0825337323453418,"PDSI","prev.jul"
"QUVE",0.119962892489586,FALSE,-0.0484507833259978,0.296516415625348,"PDSI","prev.aug"
"QUVE",0.113417805009429,FALSE,-0.0882058845107035,0.30794267915496,"PDSI","prev.sep"
"QUVE",-0.128143480485494,FALSE,-0.296740190372795,0.0402701734800338,"PDSI","prev.oct"
"QUVE",-0.141362202984155,FALSE,-0.273258104695872,0.00800879098652928,"PDSI","prev.nov"
"QUVE",0.0300654601549004,FALSE,-0.108467471412433,0.188667315557034,"PDSI","prev.dec"
"QUVE",0.096273375468422,FALSE,-0.0505833975091404,0.256958717096852,"PDSI","curr.jan"
"QUVE",0.0738159886785836,FALSE,-0.0680005749158102,0.212732559463042,"PDSI","curr.feb"
"QUVE",-0.0104764293784235,FALSE,-0.155461635842472,0.148730904463651,"PDSI","curr.mar"
"QUVE",-0.118982545342662,FALSE,-0.279686540506252,0.0333928131865002,"PDSI","curr.apr"
"QUVE",-0.00376219776864812,FALSE,-0.209087377276872,0.171219420694652,"PDSI","curr.may"
"QUVE",0.145563550676164,FALSE,-0.0466562438728276,0.332296195978962,"PDSI","curr.jun"
"QUVE",0.180713607642879,TRUE,0.075431512928586,0.286225925339293,"PDSI","curr.jul"
"QUVE",0.0810990006297495,FALSE,-0.106401237166317,0.255380247959116,"PDSI","curr.aug"
"QUVE",0.224580692194392,FALSE,-0.0332598695568917,0.458329544907867,"PHDI","prev.apr"
"QUVE",0.00384880748548966,FALSE,-0.184422620770712,0.150300628611131,"PHDI","prev.may"
"QUVE",-0.21594962320051,FALSE,-0.443895297277918,0.00233574274192153,"PHDI","prev.jun"
"QUVE",-0.238142798198774,FALSE,-0.449700959082153,0.00118854413905867,"PHDI","prev.jul"
"QUVE",-0.0018621535436369,FALSE,-0.18918579371171,0.219207377195994,"PHDI","prev.aug"
"QUVE",0.0809291206123826,FALSE,-0.149446121510674,0.34380872261686,"PHDI","prev.sep"
"QUVE",0.0111025304611595,FALSE,-0.142512317053948,0.148138735325012,"PHDI","prev.oct"
"QUVE",-0.0640586384495594,FALSE,-0.24910596895071,0.119111101274557,"PHDI","prev.nov"
"QUVE",-0.038739438636313,FALSE,-0.212234580268471,0.1300133586202,"PHDI","prev.dec"
"QUVE",0.0310200233326516,FALSE,-0.120648606557093,0.203788489061982,"PHDI","curr.jan"
"QUVE",0.122927400229677,FALSE,-0.0428579131736124,0.341654327307842,"PHDI","curr.feb"
"QUVE",0.0837948423754069,FALSE,-0.132971905922904,0.281574052971899,"PHDI","curr.mar"
"QUVE",-0.164502999653547,FALSE,-0.341841275038246,-0.008858152255242,"PHDI","curr.apr"
"QUVE",-0.144489625699336,FALSE,-0.357892508827852,0.0525625239523155,"PHDI","curr.may"
"QUVE",0.0112426211222705,FALSE,-0.169634980890374,0.207951147389925,"PHDI","curr.jun"
"QUVE",0.20166674202712,TRUE,0.0650876968200069,0.336594559037056,"PHDI","curr.jul"
"QUVE",0.298281092957452,TRUE,0.0726385123835139,0.490319331542928,"PHDI","curr.aug"
"QUVE",-0.0961740178480859,FALSE,-0.274545689532688,0.0683871330044607,"ZNDX","prev.apr"
"QUVE",-0.220644026637967,TRUE,-0.38658207851827,-0.0468124140468625,"ZNDX","prev.may"
"QUVE",-0.172215713492882,TRUE,-0.317219938610205,-0.0118364751101879,"ZNDX","prev.jun"
"QUVE",-0.0424359600248325,FALSE,-0.20545713810554,0.137334721373853,"ZNDX","prev.jul"
"QUVE",0.0877948825987507,FALSE,-0.0740288374957399,0.252243691623283,"ZNDX","prev.aug"
"QUVE",0.0548169660504171,FALSE,-0.107697385653147,0.222351367851693,"ZNDX","prev.sep"
"QUVE",-0.112280638054939,FALSE,-0.300795403275369,0.0525719410697235,"ZNDX","prev.oct"
"QUVE",0.0864768829002443,FALSE,-0.0515892893221125,0.249846698381082,"ZNDX","prev.nov"
"QUVE",0.138918708253146,FALSE,-0.0307155261748065,0.303239885185527,"ZNDX","prev.dec"
"QUVE",0.0491827138741919,FALSE,-0.0862072629923122,0.206207221305963,"ZNDX","curr.jan"
"QUVE",0.0891798075389993,FALSE,-0.0819163106710812,0.25323843146247,"ZNDX","curr.feb"
"QUVE",-0.0266481632320753,FALSE,-0.177866396658269,0.119786742817723,"ZNDX","curr.mar"
"QUVE",-0.0431511429155653,FALSE,-0.208316068181993,0.120588567552568,"ZNDX","curr.apr"
"QUVE",0.0901285428434897,FALSE,-0.0828165101931396,0.232162458408755,"ZNDX","curr.may"
"QUVE",0.135131820120982,FALSE,-0.0193398002914725,0.302699220908475,"ZNDX","curr.jun"
"QUVE",0.248225939704658,TRUE,0.109064862947324,0.385667019457808,"ZNDX","curr.jul"
"QUVE",0.066614594103053,FALSE,-0.0816246942720855,0.198632544108354,"ZNDX","curr.aug"
"QUVE",0.142180959736988,FALSE,-0.0610419707905438,0.32929403545668,"PMDI","prev.apr"
"QUVE",-0.0390113370550443,FALSE,-0.221347865869144,0.145304806778446,"PMDI","prev.may"
"QUVE",-0.205040128305457,TRUE,-0.373104786583376,-0.035655697615366,"PMDI","prev.jun"
"QUVE",-0.166460272600766,TRUE,-0.318062995761255,-0.0102194750408765,"PMDI","prev.jul"
"QUVE",0.0699224443904178,FALSE,-0.104906036257841,0.232397372602703,"PMDI","prev.aug"
"QUVE",0.079747574562281,FALSE,-0.0829983340843548,0.251363607027511,"PMDI","prev.sep"
"QUVE",-0.0369223542459214,FALSE,-0.204403834744989,0.100604154385158,"PMDI","prev.oct"
"QUVE",-0.0974914823673826,FALSE,-0.223443229982884,0.039531084390018,"PMDI","prev.nov"
"QUVE",-0.0344636577033405,FALSE,-0.151653472148889,0.0837285332173053,"PMDI","prev.dec"
"QUVE",0.0756279966556828,FALSE,-0.0755465463807334,0.269065724459583,"PMDI","curr.jan"
"QUVE",0.160404555362025,FALSE,0.00847475870388108,0.335577315520214,"PMDI","curr.feb"
"QUVE",0.0447624014606113,FALSE,-0.133821233165701,0.219773944589934,"PMDI","curr.mar"
"QUVE",-0.146376015467596,FALSE,-0.372631227358996,0.0264892138049287,"PMDI","curr.apr"
"QUVE",-0.14128110757894,FALSE,-0.322456517038421,0.0677545089057274,"PMDI","curr.may"
"QUVE",0.0968838608371975,FALSE,-0.0753629636965386,0.235727644846859,"PMDI","curr.jun"
"QUVE",0.224615320215608,TRUE,0.119377800880829,0.339509128909721,"PMDI","curr.jul"
"QUVE",0.168737834908579,FALSE,-0.0212675491755245,0.346656865028359,"PMDI","curr.aug"
"QUVE",-0.131907503925172,FALSE,-0.306090945978721,0.0503699641053653,"SP01","prev.apr"
"QUVE",-0.227900055280254,TRUE,-0.39046123749451,-0.0682537906486337,"SP01","prev.may"
"QUVE",-0.114085412397105,FALSE,-0.266893199068855,0.0399033889373691,"SP01","prev.jun"
"QUVE",-0.0283689166722827,FALSE,-0.201570670615382,0.13012648044611,"SP01","prev.jul"
"QUVE",0.0751332946413646,FALSE,-0.0847061587532532,0.250392351436292,"SP01","prev.aug"
"QUVE",0.0648915233922653,FALSE,-0.0796389332887699,0.223984281818725,"SP01","prev.sep"
"QUVE",-0.0789243869486717,FALSE,-0.266517808235046,0.0902411769069467,"SP01","prev.oct"
"QUVE",0.135176178332409,FALSE,-0.0323967153864356,0.294664798512614,"SP01","prev.nov"
"QUVE",0.0935942993671138,FALSE,-0.0825408652548544,0.259619531656325,"SP01","prev.dec"
"QUVE",0.00816878273143689,FALSE,-0.144955543709635,0.151050820848762,"SP01","curr.jan"
"QUVE",0.0970261510110841,FALSE,-0.0771102633306993,0.270707531521071,"SP01","curr.feb"
"QUVE",-0.0400729232843919,FALSE,-0.19197072000485,0.118783005052106,"SP01","curr.mar"
"QUVE",-0.0353518800953005,FALSE,-0.196153717997951,0.119009005443804,"SP01","curr.apr"
"QUVE",0.103340522199415,FALSE,-0.0688950801444526,0.283827629070493,"SP01","curr.may"
"QUVE",0.199415045753189,TRUE,0.0475169557859693,0.355199864803367,"SP01","curr.jun"
"QUVE",0.241895789665573,TRUE,0.0967822006700779,0.367288171515971,"SP01","curr.jul"
"QUVE",0.0610389978890101,FALSE,-0.0996353190214885,0.200327893926132,"SP01","curr.aug"
"QUVE",-0.0303244996220718,FALSE,-0.201218899264695,0.138060068401026,"SP02","prev.apr"
"QUVE",-0.138750809753733,FALSE,-0.280183768542071,0.0170741279389684,"SP02","prev.may"
"QUVE",-0.163753930211375,TRUE,-0.275410145490235,-0.0372376486526302,"SP02","prev.jun"
"QUVE",-0.0837545382566679,FALSE,-0.257451511558962,0.0915597781436247,"SP02","prev.jul"
"QUVE",0.0261987126522647,FALSE,-0.166193803660979,0.194813952103163,"SP02","prev.aug"
"QUVE",0.114673072038603,FALSE,-0.0353497252331953,0.273216324217689,"SP02","prev.sep"
"QUVE",-0.0511190178642017,FALSE,-0.204699983164112,0.0911954522536703,"SP02","prev.oct"
"QUVE",-0.0289728228616749,FALSE,-0.175462240256512,0.132826581518645,"SP02","prev.nov"
"QUVE",0.175740896201607,FALSE,-0.0117937358567727,0.365927892151053,"SP02","prev.dec"
"QUVE",0.00188347909971198,FALSE,-0.181892911206658,0.15448006244727,"SP02","curr.jan"
"QUVE",-0.008042964045053,FALSE,-0.169968473766377,0.186688273110811,"SP02","curr.feb"
"QUVE",0.0813059332707581,FALSE,-0.0742762807025455,0.215528367918417,"SP02","curr.mar"
"QUVE",-0.0623482582450059,FALSE,-0.23495051835584,0.0907140674726312,"SP02","curr.apr"
"QUVE",-0.00217098782236546,FALSE,-0.162996576054176,0.167147414140096,"SP02","curr.may"
"QUVE",0.160874485277138,TRUE,0.0283312202738217,0.292291031431414,"SP02","curr.jun"
"QUVE",0.21908750663283,TRUE,0.0710843087894514,0.363725848547134,"SP02","curr.jul"
"QUVE",0.110068399484032,FALSE,-0.0676622226661035,0.275963749508769,"SP02","curr.aug"
"QUVE",0.0608307244451789,FALSE,-0.100848249380836,0.248355241172692,"SP03","prev.apr"
"QUVE",-0.103066979773163,FALSE,-0.321981772315781,0.0810769279241261,"SP03","prev.may"
"QUVE",-0.175854752216689,FALSE,-0.335673300479858,0.0340230129722856,"SP03","prev.jun"
"QUVE",-0.13569731849636,FALSE,-0.295700973649469,0.0155466381489408,"SP03","prev.jul"
"QUVE",0.022730840210871,FALSE,-0.145599408739043,0.203280301225704,"SP03","prev.aug"
"QUVE",0.129797922851504,FALSE,-0.0225975847095158,0.285554374893239,"SP03","prev.sep"
"QUVE",-0.010624355398634,FALSE,-0.172428720909614,0.143114680338628,"SP03","prev.oct"
"QUVE",-0.00745565936723841,FALSE,-0.169975112335107,0.194272079397031,"SP03","prev.nov"
"QUVE",-0.0387102615787998,FALSE,-0.198024577172531,0.121852602168867,"SP03","prev.dec"
"QUVE",0.126358638861848,FALSE,-0.0249342650197747,0.276211163033738,"SP03","curr.jan"
"QUVE",0.0514072202861323,FALSE,-0.107959914255652,0.190196585507241,"SP03","curr.feb"
"QUVE",0.026602066892718,FALSE,-0.114705674075182,0.167049074156602,"SP03","curr.mar"
"QUVE",-0.0661570650325811,FALSE,-0.217643349474866,0.093010907119487,"SP03","curr.apr"
"QUVE",0.0301966386272155,FALSE,-0.149995950524272,0.206409944129878,"SP03","curr.may"
"QUVE",0.0108403344724483,FALSE,-0.159249065509175,0.166475903395236,"SP03","curr.jun"
"QUVE",0.168385013741262,TRUE,0.0490756232651963,0.294580681725801,"SP03","curr.jul"
"QUVE",0.219716764157948,TRUE,0.0250067948508241,0.401596207069061,"SP03","curr.aug"
"QUVE",0.114067393934759,FALSE,-0.0601885821318685,0.271338406087932,"SP06","prev.apr"
"QUVE",-0.0536531952324009,FALSE,-0.181242184720009,0.0684737897234546,"SP06","prev.may"
"QUVE",-0.174798230072968,TRUE,-0.321499915713439,-0.0386824773245025,"SP06","prev.jun"
"QUVE",-0.142456536277599,FALSE,-0.280023703624621,0.0201395041400589,"SP06","prev.jul"
"QUVE",-0.0186978579801724,FALSE,-0.241637644391821,0.215371599338851,"SP06","prev.aug"
"QUVE",-0.0102511592071203,FALSE,-0.17383493037916,0.175654843453926,"SP06","prev.sep"
"QUVE",-0.0483119230961667,FALSE,-0.202975815334309,0.0537544820515365,"SP06","prev.oct"
"QUVE",0.0480901169533643,FALSE,-0.0929333924209503,0.205517698999528,"SP06","prev.nov"
"QUVE",0.118018912488838,TRUE,0.0117950358606324,0.227521022511643,"SP06","prev.dec"
"QUVE",0.0603774168196535,FALSE,-0.0619957490628496,0.18518478823999,"SP06","curr.jan"
"QUVE",-0.056749588558505,FALSE,-0.211981038660485,0.1160028633962,"SP06","curr.feb"
"QUVE",-0.0827236487384446,FALSE,-0.293597437877964,0.126669928576085,"SP06","curr.mar"
"QUVE",-0.0294237291707143,FALSE,-0.206627613349531,0.185970921483592,"SP06","curr.apr"
"QUVE",0.0258118780291139,FALSE,-0.13345112023164,0.167004982250963,"SP06","curr.may"
"QUVE",0.0418901583633058,FALSE,-0.149139229086307,0.206845099352237,"SP06","curr.jun"
"QUVE",0.13474597080306,FALSE,-0.0031866417590523,0.288945066903836,"SP06","curr.jul"
"QUVE",0.14893513353283,FALSE,-0.0831281962941334,0.371974973223062,"SP06","curr.aug"
"QUVE",0.169951929492837,FALSE,-0.0258816403843465,0.416010242991417,"SP09","prev.apr"
"QUVE",0.0200432087926496,FALSE,-0.171729811229606,0.212115009338482,"SP09","prev.may"
"QUVE",-0.0974554993678559,FALSE,-0.43437906009809,0.0896784567893815,"SP09","prev.jun"
"QUVE",-0.181490903365838,FALSE,-0.447626532588929,0.0426099350586728,"SP09","prev.jul"
"QUVE",-0.0231585623639292,FALSE,-0.206240428170054,0.16777338822635,"SP09","prev.aug"
"QUVE",0.00573880144043713,FALSE,-0.209396635963709,0.233435804549579,"SP09","prev.sep"
"QUVE",-0.120995751589956,FALSE,-0.283205459746999,0.056925711471929,"SP09","prev.oct"
"QUVE",-0.0724337795107001,FALSE,-0.214205935984876,0.0868648691288361,"SP09","prev.nov"
"QUVE",0.023543860846522,FALSE,-0.188146840251422,0.220149014676208,"SP09","prev.dec"
"QUVE",0.0767245595625317,FALSE,-0.091694787217411,0.218544498410735,"SP09","curr.jan"
"QUVE",0.158664117516594,FALSE,-0.0551986353579286,0.341081978744103,"SP09","curr.feb"
"QUVE",0.157903975829879,FALSE,-0.0289674465383293,0.356165006633561,"SP09","curr.mar"
"QUVE",-0.0575952118751881,FALSE,-0.242313743298481,0.144330435666865,"SP09","curr.apr"
"QUVE",-0.197451981985356,FALSE,-0.419192895108735,0.0434569417887769,"SP09","curr.may"
"QUVE",-0.194240071217719,FALSE,-0.435510004341816,0.0899547631927067,"SP09","curr.jun"
"QUVE",0.18993404130571,TRUE,0.012635175635362,0.350393529909523,"SP09","curr.jul"
"QUVE",0.288705071691068,TRUE,0.0332182186875978,0.471153104940112,"SP09","curr.aug"
"QUVE",-0.0140667033264465,FALSE,-0.243369317362428,0.177983511038832,"SP12","prev.apr"
"QUVE",-0.0268039696123169,FALSE,-0.146689268473999,0.0925626487378151,"SP12","prev.may"
"QUVE",-0.00685041804969011,FALSE,-0.184566154702647,0.155465800685578,"SP12","prev.jun"
"QUVE",0.00454173664035254,FALSE,-0.167916461835032,0.17746379813321,"SP12","prev.jul"
"QUVE",0.0814617412285015,FALSE,-0.0823276869560513,0.254910461656759,"SP12","prev.aug"
"QUVE",0.0906676230623275,FALSE,-0.101261028012467,0.26727034087253,"SP12","prev.sep"
"QUVE",-0.0516228710566689,FALSE,-0.219371007349738,0.0862943342499201,"SP12","prev.oct"
"QUVE",-0.0955238475324699,FALSE,-0.233389307357848,0.041697526914732,"SP12","prev.nov"
"QUVE",-0.10984199780657,FALSE,-0.208697003750435,0.00133862373387352,"SP12","prev.dec"
"QUVE",-0.102041948030862,FALSE,-0.184880493132672,0.0165892718944252,"SP12","curr.jan"
"QUVE",-0.0920931894993363,FALSE,-0.198053373891198,0.0654859154534703,"SP12","curr.feb"
"QUVE",-0.0783457006431677,FALSE,-0.230894128284356,0.0926951652372296,"SP12","curr.mar"
"QUVE",-0.0322938776704471,FALSE,-0.220158893154808,0.11055724985563,"SP12","curr.apr"
"QUVE",0.0642425732609143,FALSE,-0.0931681534868174,0.160360619924715,"SP12","curr.may"
"QUVE",0.130853714579792,FALSE,-0.0449546994833001,0.267985133104999,"SP12","curr.jun"
"QUVE",0.178341530764128,TRUE,0.0344626185148874,0.342629798144161,"SP12","curr.jul"
"QUVE",0.161569252052979,FALSE,-0.122946110185852,0.45447632087258,"SP12","curr.aug"
"QUVE",-0.00241149357941959,FALSE,-0.087726945852162,0.201551879238606,"SP24","prev.apr"
"QUVE",-0.00289835675411436,FALSE,-0.0697525211027671,0.108002371443757,"SP24","prev.may"
"QUVE",-0.00457531237823455,FALSE,-0.0998691778630606,0.0569655002568962,"SP24","prev.jun"
"QUVE",-0.00418944588947459,FALSE,-0.134638265389954,0.0372318419179323,"SP24","prev.jul"
"QUVE",0.00160505971317395,FALSE,-0.136133480150358,0.0833120941666294,"SP24","prev.aug"
"QUVE",-0.00277262339669771,FALSE,-0.218765115987507,0.0988797255697014,"SP24","prev.sep"
"QUVE",-0.00366612284326762,FALSE,-0.140770611074653,0.0684407155877521,"SP24","prev.oct"
"QUVE",-0.00501061150690681,FALSE,-0.123124358071061,0.0687903482151064,"SP24","prev.nov"
"QUVE",0.0141839690304145,FALSE,-0.139763156002034,0.248391944739327,"SP24","prev.dec"
"QUVE",-0.017999343218761,FALSE,-0.131668518721191,0.141242096481282,"SP24","curr.jan"
"QUVE",-0.040762873164251,FALSE,-0.134653964635448,0.100752235191434,"SP24","curr.feb"
"QUVE",-0.101258660096496,FALSE,-0.248541673477714,0.046640630120011,"SP24","curr.mar"
"QUVE",-0.137076335558463,FALSE,-0.41207468306333,0.0602786036019159,"SP24","curr.apr"
"QUVE",-0.098608960992439,FALSE,-0.39975464470387,0.0658871861478901,"SP24","curr.may"
"QUVE",-0.00183381691922391,FALSE,-0.180847792562681,0.117761697214379,"SP24","curr.jun"
"QUVE",0.119532723893904,FALSE,-0.0295181487807251,0.263107576275999,"SP24","curr.jul"
"QUVE",0.306812616903498,FALSE,-0.0497029128613812,0.680327857453671,"SP24","curr.aug"
"QUVE",0.0539065626896422,FALSE,-0.128349598557715,0.208807043550175,"TMIN","prev.apr"
"QUVE",0.0226560387376688,FALSE,-0.160381674554796,0.184858977665009,"TMIN","prev.may"
"QUVE",0.00233640274193994,FALSE,-0.180608869747598,0.170628471085805,"TMIN","prev.jun"
"QUVE",-0.0558684657523084,FALSE,-0.217772841513971,0.111552396165438,"TMIN","prev.jul"
"QUVE",0.0388544595992238,FALSE,-0.117737838700852,0.213314070047162,"TMIN","prev.aug"
"QUVE",-0.101614171921572,FALSE,-0.283024170095235,0.0558487674375276,"TMIN","prev.sep"
"QUVE",0.0361067301273894,FALSE,-0.123589251639407,0.183591326447753,"TMIN","prev.oct"
"QUVE",0.0896621542078224,FALSE,-0.0977001384128233,0.294206772709337,"TMIN","prev.nov"
"QUVE",-0.0498025419132812,FALSE,-0.242851192035487,0.139212948461111,"TMIN","prev.dec"
"QUVE",-0.0296964399368862,FALSE,-0.215199556476548,0.140775232880381,"TMIN","curr.jan"
"QUVE",0.024885385845936,FALSE,-0.148536100842128,0.196035903106465,"TMIN","curr.feb"
"QUVE",-0.00643319941749015,FALSE,-0.171782962477572,0.169772231772066,"TMIN","curr.mar"
"QUVE",0.0689127910850862,FALSE,-0.110426337456303,0.224210335394053,"TMIN","curr.apr"
"QUVE",-0.0660844990350389,FALSE,-0.245931661739408,0.106234295317878,"TMIN","curr.may"
"QUVE",-0.0169853933503964,FALSE,-0.213147053902608,0.166513316016644,"TMIN","curr.jun"
"QUVE",-0.0418005644898157,FALSE,-0.194372639810478,0.127671950898207,"TMIN","curr.jul"
"QUVE",0.012817975532788,FALSE,-0.171491768563993,0.183914510346471,"TMIN","curr.aug"
"QUVE",0.114465428683197,FALSE,-0.0508736659355628,0.279221539148681,"TMAX","prev.apr"
"QUVE",0.177259887209611,FALSE,-0.00927231301494444,0.34043807584859,"TMAX","prev.may"
"QUVE",0.128090884020547,FALSE,-0.0368364872912207,0.275132900364723,"TMAX","prev.jun"
"QUVE",-0.0510596433388396,FALSE,-0.244030793956145,0.1515435346431,"TMAX","prev.jul"
"QUVE",-0.0589068686292738,FALSE,-0.208500505814474,0.0884004031794421,"TMAX","prev.aug"
"QUVE",-0.183244284760609,TRUE,-0.334309930103076,-0.0361812107788568,"TMAX","prev.sep"
"QUVE",-0.0291807696131573,FALSE,-0.217685679358559,0.154242538035323,"TMAX","prev.oct"
"QUVE",0.0157130289017229,FALSE,-0.180188984513147,0.2012962586567,"TMAX","prev.nov"
"QUVE",-0.135562390757418,FALSE,-0.328480869446252,0.0502623475217717,"TMAX","prev.dec"
"QUVE",0.0101639236501448,FALSE,-0.149344079220108,0.191072579449807,"TMAX","curr.jan"
"QUVE",-0.0263669305430534,FALSE,-0.212977475322678,0.142918009587875,"TMAX","curr.feb"
"QUVE",-0.104318400909711,FALSE,-0.266990209295292,0.0652477892737961,"TMAX","curr.mar"
"QUVE",0.0997308564017754,FALSE,-0.069832776346086,0.259970433649464,"TMAX","curr.apr"
"QUVE",-0.100119023052727,FALSE,-0.2751922258215,0.0765265048266528,"TMAX","curr.may"
"QUVE",-0.1248717385404,FALSE,-0.299894309871016,0.0677883245916436,"TMAX","curr.jun"
"QUVE",-0.192984913557279,TRUE,-0.330779288869435,-0.0303235844143921,"TMAX","curr.jul"
"QUVE",-0.0508203876255746,FALSE,-0.219783247030984,0.110625171703581,"TMAX","curr.aug"
"QUVE",-0.11745370997353,FALSE,-0.297918333563848,0.0566110604800967,"PDSI_prewhiten","prev.apr"
"QUVE",-0.188624794689526,TRUE,-0.348216421088314,-0.0271566123556519,"PDSI_prewhiten","prev.may"
"QUVE",-0.0795133843988839,FALSE,-0.245746796957426,0.0850967123738412,"PDSI_prewhiten","prev.jun"
"QUVE",0.0683147420375494,FALSE,-0.0969453244137334,0.234644745242181,"PDSI_prewhiten","prev.jul"
"QUVE",0.0747380243999687,FALSE,-0.0760449646421178,0.216188742008593,"PDSI_prewhiten","prev.aug"
"QUVE",0.0251796792861076,FALSE,-0.119108366695812,0.214214899776751,"PDSI_prewhiten","prev.sep"
"QUVE",-0.0506995174295091,FALSE,-0.211719554505468,0.14297002491708,"PDSI_prewhiten","prev.oct"
"QUVE",0.0538017774430801,FALSE,-0.134928631077405,0.224952704486902,"PDSI_prewhiten","prev.nov"
"QUVE",0.112227505725926,FALSE,-0.0843726074707993,0.302568269221748,"PDSI_prewhiten","prev.dec"
"QUVE",0.0730727246286952,FALSE,-0.0795982968905453,0.224693430584101,"PDSI_prewhiten","curr.jan"
"QUVE",0.0628368066114094,FALSE,-0.107785190961073,0.225008895365427,"PDSI_prewhiten","curr.feb"
"QUVE",0.0257269193113762,FALSE,-0.142090699552228,0.203143097583459,"PDSI_prewhiten","curr.mar"
"QUVE",0.0416102589531612,FALSE,-0.132825213330071,0.21734721293704,"PDSI_prewhiten","curr.apr"
"QUVE",0.106467359880287,FALSE,-0.0606808572801427,0.281985537384601,"PDSI_prewhiten","curr.may"
"QUVE",0.19243567570916,TRUE,0.0342167571712027,0.361192940975662,"PDSI_prewhiten","curr.jun"
"QUVE",0.161348761270832,TRUE,0.0171698701519394,0.338734221046269,"PDSI_prewhiten","curr.jul"
"QUVE",0.00918904961467976,FALSE,-0.194525505102393,0.173644762549037,"PDSI_prewhiten","curr.aug"
"QUVE",-0.019440645005792,FALSE,-0.206152849788834,0.145761816903689,"PHDI_prewhiten","prev.apr"
"QUVE",-0.203931714521376,TRUE,-0.387097288444631,-0.00859797862878428,"PHDI_prewhiten","prev.may"
"QUVE",-0.142080737404628,FALSE,-0.320519054999637,0.0259893663279625,"PHDI_prewhiten","prev.jun"
"QUVE",0.0096209285311723,FALSE,-0.185612428227209,0.19912273352807,"PHDI_prewhiten","prev.jul"
"QUVE",0.108887226008195,FALSE,-0.106107855617585,0.287357508509559,"PHDI_prewhiten","prev.aug"
"QUVE",0.0657754521237569,FALSE,-0.144480412256547,0.25033208910567,"PHDI_prewhiten","prev.sep"
"QUVE",-0.168684620306287,FALSE,-0.35310467775773,0.00323610490517489,"PHDI_prewhiten","prev.oct"
"QUVE",0.0861451285179463,FALSE,-0.0959983373250804,0.271809453892582,"PHDI_prewhiten","prev.nov"
"QUVE",0.170614506464135,TRUE,0.00115257161505983,0.316969805729029,"PHDI_prewhiten","prev.dec"
"QUVE",0.104146685846726,FALSE,-0.0756529637706129,0.2643910356438,"PHDI_prewhiten","curr.jan"
"QUVE",0.118365360549143,FALSE,-0.078030692462501,0.292095763344911,"PHDI_prewhiten","curr.feb"
"QUVE",-0.0948915686572185,FALSE,-0.257275959333564,0.0770318249573653,"PHDI_prewhiten","curr.mar"
"QUVE",0.00707788949511739,FALSE,-0.162165054425627,0.175725842657703,"PHDI_prewhiten","curr.apr"
"QUVE",0.0907796958444938,FALSE,-0.0995744431143881,0.250528311430604,"PHDI_prewhiten","curr.may"
"QUVE",0.171881419639443,TRUE,0.030182503193072,0.340317644877952,"PHDI_prewhiten","curr.jun"
"QUVE",0.190098273560003,TRUE,0.0203939430891827,0.331127996972479,"PHDI_prewhiten","curr.jul"
"QUVE",0.103758634024211,FALSE,-0.077068156879918,0.273104567623082,"PHDI_prewhiten","curr.aug"
"QUVE",-0.100463271460472,FALSE,-0.286440733907536,0.100294822757736,"PMDI_prewhiten","prev.apr"
"QUVE",-0.175144244212155,FALSE,-0.360060446525,0.00604508029579051,"PMDI_prewhiten","prev.may"
"QUVE",-0.137648728297486,FALSE,-0.308257824526011,0.0297075298393543,"PMDI_prewhiten","prev.jun"
"QUVE",-0.0180194046052371,FALSE,-0.184766114132872,0.141584586463914,"PMDI_prewhiten","prev.jul"
"QUVE",0.0789197430051889,FALSE,-0.0885089956615671,0.230891962839303,"PMDI_prewhiten","prev.aug"
"QUVE",0.0177776142432005,FALSE,-0.146612415990462,0.200224944785702,"PMDI_prewhiten","prev.sep"
"QUVE",-0.0949628565132802,FALSE,-0.282224283686903,0.0682239359652404,"PMDI_prewhiten","prev.oct"
"QUVE",0.107232417183462,FALSE,-0.0461803886299344,0.26894065677421,"PMDI_prewhiten","prev.nov"
"QUVE",0.157675454456774,FALSE,-0.0145866698249933,0.330258202084747,"PMDI_prewhiten","prev.dec"
"QUVE",0.0563241160652778,FALSE,-0.105744114505258,0.203980353497799,"PMDI_prewhiten","curr.jan"
"QUVE",0.138251903256143,FALSE,-0.0385012839591995,0.284298857229588,"PMDI_prewhiten","curr.feb"
"QUVE",-0.0152022271043014,FALSE,-0.192588157287617,0.146343488284401,"PMDI_prewhiten","curr.mar"
"QUVE",-0.056314584926541,FALSE,-0.233150247348317,0.101437837420111,"PMDI_prewhiten","curr.apr"
"QUVE",0.127479560905996,FALSE,-0.0480046973566842,0.292145462852842,"PMDI_prewhiten","curr.may"
"QUVE",0.168794368708552,TRUE,0.0229016821606394,0.332872854821417,"PMDI_prewhiten","curr.jun"
"QUVE",0.237721566472132,TRUE,0.0827040183668974,0.384446738820982,"PMDI_prewhiten","curr.jul"
"QUVE",0.0424561231274105,FALSE,-0.13095133114567,0.191465639515605,"PMDI_prewhiten","curr.aug"
